{
  "n_nodes": 20,
  "start": 18,
  "end": 8,
  "mandatory": [
    4,
    5,
    6,
    7,
    9,
    10,
    13,
    16,
    17,
    19
  ],
  "rewards": [
    369,
    32,
    85,
    109,
    74,
    60,
    418,
    709,
    1,
    3,
    1,
    98,
    534,
    206,
    103,
    10,
    196,
    117,
    97,
    46
  ],
  "service_time_min": [
    10,
    11,
    15,
    13,
    14,
    19,
    24,
    37,
    23,
    240,
    23,
    29,
    20,
    11,
    69,
    60,
    16,
    77,
    17,
    53
  ],
  "travel_time_min": [
    [
      0,
      44,
      37,
      36,
      24,
      49,
      162,
      162,
      175,
      71,
      41,
      38,
      64,
      109,
      15,
      85,
      31,
      41,
      55,
      29
    ],
    [
      44,
      0,
      43,
      47,
      67,
      45,
      152,
      152,
      193,
      114,
      7,
      25,
      79,
      134,
      29,
      57,
      33,
      73,
      85,
      70
    ],
    [
      37,
      43,
      0,
      67,
      54,
      74,
      188,
      188,
      211,
      91,
      36,
      19,
      37,
      145,
      36,
      98,
      11,
      77,
      46,
      62
    ],
    [
      36,
      47,
      67,
      0,
      47,
      16,
      126,
      126,
      149,
      90,
      50,
      59,
      99,
      88,
      32,
      59,
      58,
      33,
      91,
      43
    ],
    [
      24,
      67,
      54,
      47,
      0,
      62,
      168,
      168,
      166,
      48,
      65,
      60,
      71,
      97,
      38,
      103,
      51,
      32,
      52,
      10
    ],
    [
      49,
      45,
      74,
      16,
      62,
      0,
      115,
      115,
      149,
      106,
      50,
      63,
      108,
      93,
      40,
      44,
      64,
      47,
      103,
      59
    ],
    [
      162,
      152,
      188,
      126,
      168,
      115,
      0,
      1,
      113,
      200,
      159,
      175,
      223,
      118,
      155,
      101,
      178,
      140,
      216,
      161
    ],
    [
      162,
      152,
      188,
      126,
      168,
      115,
      1,
      0,
      113,
      200,
      159,
      175,
      223,
      118,
      155,
      101,
      178,
      140,
      216,
      161
    ],
    [
      175,
      193,
      211,
      149,
      166,
      149,
      113,
      113,
      0,
      170,
      198,
      207,
      236,
      70,
      178,
      169,
      204,
      136,
      216,
      156
    ],
    [
      71,
      114,
      91,
      90,
      48,
      106,
      200,
      200,
      170,
      0,
      111,
      103,
      91,
      103,
      85,
      148,
      93,
      63,
      63,
      48
    ],
    [
      41,
      7,
      36,
      50,
      65,
      50,
      159,
      159,
      198,
      111,
      0,
      18,
      72,
      137,
      28,
      64,
      27,
      74,
      80,
      69
    ],
    [
      38,
      25,
      19,
      59,
      60,
      63,
      175,
      175,
      207,
      103,
      18,
      0,
      54,
      143,
      30,
      81,
      12,
      77,
      64,
      67
    ],
    [
      64,
      79,
      37,
      99,
      71,
      108,
      223,
      223,
      236,
      91,
      72,
      54,
      0,
      167,
      69,
      134,
      47,
      100,
      29,
      80
    ],
    [
      109,
      134,
      145,
      88,
      97,
      93,
      118,
      118,
      70,
      103,
      137,
      143,
      167,
      0,
      114,
      125,
      138,
      69,
      147,
      88
    ],
    [
      15,
      29,
      36,
      32,
      38,
      40,
      155,
      155,
      178,
      85,
      28,
      30,
      69,
      114,
      0,
      72,
      26,
      48,
      66,
      42
    ],
    [
      85,
      57,
      98,
      59,
      103,
      44,
      101,
      101,
      169,
      148,
      64,
      81,
      134,
      125,
      72,
      0,
      88,
      90,
      137,
      101
    ],
    [
      31,
      33,
      11,
      58,
      51,
      64,
      178,
      178,
      204,
      93,
      27,
      12,
      47,
      138,
      26,
      88,
      0,
      71,
      54,
      58
    ],
    [
      41,
      73,
      77,
      33,
      32,
      47,
      140,
      140,
      136,
      63,
      74,
      77,
      100,
      69,
      48,
      90,
      71,
      0,
      83,
      23
    ],
    [
      55,
      85,
      46,
      91,
      52,
      103,
      216,
      216,
      216,
      63,
      80,
      64,
      29,
      147,
      66,
      137,
      54,
      83,
      0,
      61
    ],
    [
      29,
      70,
      62,
      43,
      10,
      59,
      161,
      161,
      156,
      48,
      69,
      67,
      80,
      88,
      42,
      101,
      58,
      23,
      61,
      0
    ]
  ],
  "time_budget": 861,
  "seed": 1407031308,
  "budget_level": "loose",
  "baseline_budget": 861,
  "source_edge_csv": "costProfCat-DelhPOI-all.csv",
  "source_photo_csv": "userVisits-Delh-allPOI.csv",
  "poi_ids": [
    1,
    3,
    4,
    5,
    6,
    10,
    11,
    12,
    13,
    14,
    15,
    16,
    18,
    19,
    21,
    22,
    23,
    24,
    25,
    26
  ],
  "subset_center_poi": 19
}