{
  "n_nodes": 20,
  "start": 8,
  "end": 19,
  "mandatory": [
    3,
    9,
    11,
    13,
    14
  ],
  "rewards": [
    369,
    32,
    85,
    109,
    74,
    383,
    338,
    60,
    418,
    709,
    1,
    98,
    534,
    206,
    103,
    10,
    196,
    117,
    97,
    46
  ],
  "service_time_min": [
    10,
    11,
    15,
    13,
    14,
    30,
    26,
    19,
    24,
    37,
    23,
    29,
    20,
    11,
    69,
    60,
    16,
    77,
    17,
    53
  ],
  "travel_time_min": [
    [
      0,
      44,
      37,
      36,
      24,
      74,
      73,
      49,
      162,
      162,
      41,
      38,
      64,
      109,
      15,
      85,
      31,
      41,
      55,
      29
    ],
    [
      44,
      0,
      43,
      47,
      67,
      93,
      84,
      45,
      152,
      152,
      7,
      25,
      79,
      134,
      29,
      57,
      33,
      73,
      85,
      70
    ],
    [
      37,
      43,
      0,
      67,
      54,
      51,
      43,
      74,
      188,
      188,
      36,
      19,
      37,
      145,
      36,
      98,
      11,
      77,
      46,
      62
    ],
    [
      36,
      47,
      67,
      0,
      47,
      110,
      107,
      16,
      126,
      126,
      50,
      59,
      99,
      88,
      32,
      59,
      58,
      33,
      91,
      43
    ],
    [
      24,
      67,
      54,
      47,
      0,
      77,
      80,
      62,
      168,
      168,
      65,
      60,
      71,
      97,
      38,
      103,
      51,
      32,
      52,
      10
    ],
    [
      74,
      93,
      51,
      110,
      77,
      0,
      16,
      121,
      235,
      235,
      86,
      69,
      15,
      173,
      81,
      148,
      61,
      108,
      28,
      86
    ],
    [
      73,
      84,
      43,
      107,
      80,
      16,
      0,
      116,
      230,
      230,
      77,
      59,
      10,
      177,
      76,
      140,
      53,
      110,
      38,
      89
    ],
    [
      49,
      45,
      74,
      16,
      62,
      121,
      116,
      0,
      115,
      115,
      50,
      63,
      108,
      93,
      40,
      44,
      64,
      47,
      103,
      59
    ],
    [
      162,
      152,
      188,
      126,
      168,
      235,
      230,
      115,
      0,
      1,
      159,
      175,
      223,
      118,
      155,
      101,
      178,
      140,
      216,
      161
    ],
    [
      162,
      152,
      188,
      126,
      168,
      235,
      230,
      115,
      1,
      0,
      159,
      175,
      223,
      118,
      155,
      101,
      178,
      140,
      216,
      161
    ],
    [
      41,
      7,
      36,
      50,
      65,
      86,
      77,
      50,
      159,
      159,
      0,
      18,
      72,
      137,
      28,
      64,
      27,
      74,
      80,
      69
    ],
    [
      38,
      25,
      19,
      59,
      60,
      69,
      59,
      63,
      175,
      175,
      18,
      0,
      54,
      143,
      30,
      81,
      12,
      77,
      64,
      67
    ],
    [
      64,
      79,
      37,
      99,
      71,
      15,
      10,
      108,
      223,
      223,
      72,
      54,
      0,
      167,
      69,
      134,
      47,
      100,
      29,
      80
    ],
    [
      109,
      134,
      145,
      88,
      97,
      173,
      177,
      93,
      118,
      118,
      137,
      143,
      167,
      0,
      114,
      125,
      138,
      69,
      147,
      88
    ],
    [
      15,
      29,
      36,
      32,
      38,
      81,
      76,
      40,
      155,
      155,
      28,
      30,
      69,
      114,
      0,
      72,
      26,
      48,
      66,
      42
    ],
    [
      85,
      57,
      98,
      59,
      103,
      148,
      140,
      44,
      101,
      101,
      64,
      81,
      134,
      125,
      72,
      0,
      88,
      90,
      137,
      101
    ],
    [
      31,
      33,
      11,
      58,
      51,
      61,
      53,
      64,
      178,
      178,
      27,
      12,
      47,
      138,
      26,
      88,
      0,
      71,
      54,
      58
    ],
    [
      41,
      73,
      77,
      33,
      32,
      108,
      110,
      47,
      140,
      140,
      74,
      77,
      100,
      69,
      48,
      90,
      71,
      0,
      83,
      23
    ],
    [
      55,
      85,
      46,
      91,
      52,
      28,
      38,
      103,
      216,
      216,
      80,
      64,
      29,
      147,
      66,
      137,
      54,
      83,
      0,
      61
    ],
    [
      29,
      70,
      62,
      43,
      10,
      86,
      89,
      59,
      161,
      161,
      69,
      67,
      80,
      88,
      42,
      101,
      58,
      23,
      61,
      0
    ]
  ],
  "time_budget": 518,
  "seed": 215463373,
  "budget_level": "medium",
  "baseline_budget": 647,
  "source_edge_csv": "costProfCat-DelhPOI-all.csv",
  "source_photo_csv": "userVisits-Delh-allPOI.csv",
  "poi_ids": [
    1,
    3,
    4,
    5,
    6,
    7,
    9,
    10,
    11,
    12,
    15,
    16,
    18,
    19,
    21,
    22,
    23,
    24,
    25,
    26
  ],
  "subset_center_poi": 22
}