{
  "n_nodes": 20,
  "start": 17,
  "end": 16,
  "mandatory": [
    7,
    11,
    12,
    13
  ],
  "rewards": [
    4569,
    3140,
    12,
    11,
    1887,
    4452,
    1208,
    411,
    1726,
    423,
    1303,
    1351,
    1559,
    881,
    167,
    317,
    480,
    5,
    169,
    2972
  ],
  "service_time_min": [
    67,
    26,
    5,
    15,
    10,
    16,
    8,
    20,
    7,
    5,
    25,
    9,
    9,
    36,
    8,
    13,
    11,
    15,
    17,
    28
  ],
  "travel_time_min": [
    [
      0,
      11,
      196,
      210,
      10,
      10,
      5,
      10,
      7,
      7,
      10,
      4,
      13,
      29,
      56,
      10,
      18,
      61,
      26,
      6
    ],
    [
      11,
      0,
      207,
      220,
      10,
      5,
      14,
      19,
      11,
      9,
      4,
      14,
      10,
      35,
      55,
      20,
      13,
      65,
      36,
      7
    ],
    [
      196,
      207,
      0,
      15,
      200,
      204,
      195,
      191,
      198,
      199,
      204,
      193,
      203,
      180,
      205,
      187,
      207,
      196,
      172,
      200
    ],
    [
      210,
      220,
      15,
      0,
      213,
      218,
      208,
      204,
      211,
      212,
      218,
      207,
      216,
      194,
      219,
      201,
      221,
      207,
      185,
      214
    ],
    [
      10,
      10,
      200,
      213,
      0,
      6,
      14,
      19,
      4,
      4,
      6,
      10,
      4,
      26,
      47,
      14,
      9,
      70,
      33,
      5
    ],
    [
      10,
      5,
      204,
      218,
      6,
      0,
      14,
      19,
      7,
      6,
      1,
      12,
      6,
      31,
      51,
      17,
      10,
      68,
      35,
      5
    ],
    [
      5,
      14,
      195,
      208,
      14,
      14,
      0,
      6,
      12,
      11,
      14,
      6,
      18,
      32,
      60,
      11,
      22,
      56,
      23,
      10
    ],
    [
      10,
      19,
      191,
      204,
      19,
      19,
      6,
      0,
      16,
      16,
      19,
      10,
      22,
      33,
      64,
      11,
      27,
      53,
      19,
      15
    ],
    [
      7,
      11,
      198,
      211,
      4,
      7,
      12,
      16,
      0,
      2,
      7,
      7,
      7,
      26,
      50,
      11,
      12,
      67,
      30,
      4
    ],
    [
      7,
      9,
      199,
      212,
      4,
      6,
      11,
      16,
      2,
      0,
      6,
      8,
      7,
      27,
      51,
      12,
      12,
      67,
      30,
      2
    ],
    [
      10,
      4,
      204,
      218,
      6,
      1,
      14,
      19,
      7,
      6,
      0,
      12,
      7,
      32,
      52,
      18,
      10,
      67,
      35,
      5
    ],
    [
      4,
      14,
      193,
      207,
      10,
      12,
      6,
      10,
      7,
      8,
      12,
      0,
      14,
      27,
      55,
      7,
      19,
      62,
      24,
      8
    ],
    [
      13,
      10,
      203,
      216,
      4,
      6,
      18,
      22,
      7,
      7,
      7,
      14,
      0,
      27,
      45,
      18,
      6,
      73,
      36,
      8
    ],
    [
      29,
      35,
      180,
      194,
      26,
      31,
      32,
      33,
      26,
      27,
      32,
      27,
      27,
      0,
      38,
      22,
      30,
      83,
      32,
      29
    ],
    [
      56,
      55,
      205,
      219,
      47,
      51,
      60,
      64,
      50,
      51,
      52,
      55,
      45,
      38,
      0,
      54,
      43,
      116,
      69,
      52
    ],
    [
      10,
      20,
      187,
      201,
      14,
      17,
      11,
      11,
      11,
      12,
      18,
      7,
      18,
      22,
      54,
      0,
      23,
      63,
      19,
      13
    ],
    [
      18,
      13,
      207,
      221,
      9,
      10,
      22,
      27,
      12,
      12,
      10,
      19,
      6,
      30,
      43,
      23,
      0,
      77,
      41,
      12
    ],
    [
      61,
      65,
      196,
      207,
      70,
      68,
      56,
      53,
      67,
      67,
      67,
      62,
      73,
      83,
      116,
      63,
      77,
      0,
      54,
      65
    ],
    [
      26,
      36,
      172,
      185,
      33,
      35,
      23,
      19,
      30,
      30,
      35,
      24,
      36,
      32,
      69,
      19,
      41,
      54,
      0,
      31
    ],
    [
      6,
      7,
      200,
      214,
      5,
      5,
      10,
      15,
      4,
      2,
      5,
      8,
      8,
      29,
      52,
      13,
      12,
      65,
      31,
      0
    ]
  ],
  "time_budget": 374,
  "seed": 462640017,
  "budget_level": "loose",
  "baseline_budget": 374,
  "source_edge_csv": "costProfCat-EdinPOI-all.csv",
  "source_photo_csv": "userVisits-Edin.csv",
  "poi_ids": [
    1,
    3,
    5,
    6,
    8,
    9,
    12,
    14,
    15,
    16,
    17,
    18,
    19,
    20,
    21,
    22,
    23,
    25,
    27,
    29
  ],
  "subset_center_poi": 5
}