{
  "n_nodes": 20,
  "start": 15,
  "end": 0,
  "mandatory": [
    8,
    12,
    14,
    16
  ],
  "rewards": [
    886,
    253,
    599,
    512,
    315,
    660,
    197,
    5,
    412,
    61,
    21,
    514,
    297,
    413,
    51,
    125,
    66,
    3,
    74,
    2
  ],
  "service_time_min": [
    71,
    21,
    43,
    226,
    13,
    31,
    25,
    5,
    18,
    21,
    5,
    34,
    28,
    30,
    22,
    14,
    20,
    27,
    40,
    27
  ],
  "travel_time_min": [
    [
      0,
      5,
      110,
      19,
      129,
      120,
      125,
      108,
      114,
      102,
      75,
      101,
      103,
      107,
      107,
      100,
      132,
      100,
      131,
      107
    ],
    [
      5,
      0,
      107,
      15,
      125,
      115,
      121,
      108,
      111,
      98,
      72,
      97,
      99,
      104,
      103,
      96,
      128,
      97,
      127,
      105
    ],
    [
      110,
      107,
      0,
      106,
      87,
      92,
      68,
      73,
      6,
      59,
      47,
      27,
      36,
      4,
      13,
      36,
      118,
      13,
      85,
      15
    ],
    [
      19,
      15,
      106,
      0,
      114,
      104,
      112,
      116,
      111,
      89,
      66,
      93,
      93,
      103,
      101,
      90,
      115,
      95,
      116,
      106
    ],
    [
      129,
      125,
      87,
      114,
      0,
      15,
      21,
      154,
      92,
      34,
      66,
      62,
      53,
      87,
      75,
      54,
      36,
      78,
      4,
      100
    ],
    [
      120,
      115,
      92,
      104,
      15,
      0,
      31,
      156,
      98,
      35,
      63,
      66,
      57,
      92,
      80,
      57,
      26,
      82,
      19,
      105
    ],
    [
      125,
      121,
      68,
      112,
      21,
      31,
      0,
      137,
      73,
      24,
      55,
      44,
      36,
      69,
      56,
      37,
      56,
      61,
      18,
      82
    ],
    [
      108,
      108,
      73,
      116,
      154,
      156,
      137,
      0,
      70,
      122,
      95,
      93,
      102,
      71,
      83,
      101,
      180,
      78,
      153,
      59
    ],
    [
      114,
      111,
      6,
      111,
      92,
      98,
      73,
      70,
      0,
      64,
      53,
      33,
      41,
      8,
      19,
      42,
      123,
      19,
      90,
      13
    ],
    [
      102,
      98,
      59,
      89,
      34,
      35,
      24,
      122,
      64,
      0,
      33,
      32,
      24,
      58,
      46,
      23,
      60,
      48,
      34,
      71
    ],
    [
      75,
      72,
      47,
      66,
      66,
      63,
      55,
      95,
      53,
      33,
      0,
      27,
      28,
      45,
      38,
      25,
      86,
      34,
      66,
      53
    ],
    [
      101,
      97,
      27,
      93,
      62,
      66,
      44,
      93,
      33,
      32,
      27,
      0,
      9,
      27,
      15,
      9,
      91,
      17,
      61,
      39
    ],
    [
      103,
      99,
      36,
      93,
      53,
      57,
      36,
      102,
      41,
      24,
      28,
      9,
      0,
      35,
      23,
      3,
      83,
      26,
      52,
      48
    ],
    [
      107,
      104,
      4,
      103,
      87,
      92,
      69,
      71,
      8,
      58,
      45,
      27,
      35,
      0,
      13,
      36,
      118,
      11,
      86,
      14
    ],
    [
      107,
      103,
      13,
      101,
      75,
      80,
      56,
      83,
      19,
      46,
      38,
      15,
      23,
      13,
      0,
      24,
      106,
      8,
      73,
      26
    ],
    [
      100,
      96,
      36,
      90,
      54,
      57,
      37,
      101,
      42,
      23,
      25,
      9,
      3,
      36,
      24,
      0,
      83,
      26,
      53,
      48
    ],
    [
      132,
      128,
      118,
      115,
      36,
      26,
      56,
      180,
      123,
      60,
      86,
      91,
      83,
      118,
      106,
      83,
      0,
      108,
      40,
      130
    ],
    [
      100,
      97,
      13,
      95,
      78,
      82,
      61,
      78,
      19,
      48,
      34,
      17,
      26,
      11,
      8,
      26,
      108,
      0,
      77,
      23
    ],
    [
      131,
      127,
      85,
      116,
      4,
      19,
      18,
      153,
      90,
      34,
      66,
      61,
      52,
      86,
      73,
      53,
      40,
      77,
      0,
      99
    ],
    [
      107,
      105,
      15,
      106,
      100,
      105,
      82,
      59,
      13,
      71,
      53,
      39,
      48,
      14,
      26,
      48,
      130,
      23,
      99,
      0
    ]
  ],
  "time_budget": 476,
  "seed": 336798764,
  "budget_level": "tight",
  "baseline_budget": 792,
  "source_edge_csv": "costProfCat-OsakPOI-all.csv",
  "source_photo_csv": "userVisits-Osak.csv",
  "poi_ids": [
    1,
    2,
    3,
    4,
    5,
    6,
    7,
    9,
    10,
    11,
    19,
    20,
    21,
    22,
    23,
    24,
    25,
    27,
    28,
    29
  ],
  "subset_center_poi": 4
}