{
  "n_nodes": 20,
  "start": 15,
  "end": 7,
  "mandatory": [
    16,
    19
  ],
  "rewards": [
    886,
    253,
    599,
    512,
    315,
    660,
    197,
    5,
    412,
    61,
    229,
    52,
    21,
    514,
    297,
    413,
    51,
    125,
    3,
    2
  ],
  "service_time_min": [
    71,
    21,
    43,
    226,
    13,
    31,
    25,
    5,
    18,
    21,
    48,
    31,
    5,
    34,
    28,
    30,
    22,
    14,
    27,
    27
  ],
  "travel_time_min": [
    [
      0,
      5,
      110,
      19,
      129,
      120,
      125,
      108,
      114,
      102,
      121,
      113,
      75,
      101,
      103,
      107,
      107,
      100,
      100,
      107
    ],
    [
      5,
      0,
      107,
      15,
      125,
      115,
      121,
      108,
      111,
      98,
      118,
      112,
      72,
      97,
      99,
      104,
      103,
      96,
      97,
      105
    ],
    [
      110,
      107,
      0,
      106,
      87,
      92,
      68,
      73,
      6,
      59,
      12,
      70,
      47,
      27,
      36,
      4,
      13,
      36,
      13,
      15
    ],
    [
      19,
      15,
      106,
      0,
      114,
      104,
      112,
      116,
      111,
      89,
      116,
      120,
      66,
      93,
      93,
      103,
      101,
      90,
      95,
      106
    ],
    [
      129,
      125,
      87,
      114,
      0,
      15,
      21,
      154,
      92,
      34,
      87,
      153,
      66,
      62,
      53,
      87,
      75,
      54,
      78,
      100
    ],
    [
      120,
      115,
      92,
      104,
      15,
      0,
      31,
      156,
      98,
      35,
      94,
      155,
      63,
      66,
      57,
      92,
      80,
      57,
      82,
      105
    ],
    [
      125,
      121,
      68,
      112,
      21,
      31,
      0,
      137,
      73,
      24,
      67,
      136,
      55,
      44,
      36,
      69,
      56,
      37,
      61,
      82
    ],
    [
      108,
      108,
      73,
      116,
      154,
      156,
      137,
      0,
      70,
      122,
      80,
      7,
      95,
      93,
      102,
      71,
      83,
      101,
      78,
      59
    ],
    [
      114,
      111,
      6,
      111,
      92,
      98,
      73,
      70,
      0,
      64,
      10,
      67,
      53,
      33,
      41,
      8,
      19,
      42,
      19,
      13
    ],
    [
      102,
      98,
      59,
      89,
      34,
      35,
      24,
      122,
      64,
      0,
      62,
      121,
      33,
      32,
      24,
      58,
      46,
      23,
      48,
      71
    ],
    [
      121,
      118,
      12,
      116,
      87,
      94,
      67,
      80,
      10,
      62,
      0,
      76,
      55,
      32,
      39,
      15,
      18,
      40,
      22,
      23
    ],
    [
      113,
      112,
      70,
      120,
      153,
      155,
      136,
      7,
      67,
      121,
      76,
      0,
      95,
      92,
      101,
      69,
      81,
      100,
      76,
      56
    ],
    [
      75,
      72,
      47,
      66,
      66,
      63,
      55,
      95,
      53,
      33,
      55,
      95,
      0,
      27,
      28,
      45,
      38,
      25,
      34,
      53
    ],
    [
      101,
      97,
      27,
      93,
      62,
      66,
      44,
      93,
      33,
      32,
      32,
      92,
      27,
      0,
      9,
      27,
      15,
      9,
      17,
      39
    ],
    [
      103,
      99,
      36,
      93,
      53,
      57,
      36,
      102,
      41,
      24,
      39,
      101,
      28,
      9,
      0,
      35,
      23,
      3,
      26,
      48
    ],
    [
      107,
      104,
      4,
      103,
      87,
      92,
      69,
      71,
      8,
      58,
      15,
      69,
      45,
      27,
      35,
      0,
      13,
      36,
      11,
      14
    ],
    [
      107,
      103,
      13,
      101,
      75,
      80,
      56,
      83,
      19,
      46,
      18,
      81,
      38,
      15,
      23,
      13,
      0,
      24,
      8,
      26
    ],
    [
      100,
      96,
      36,
      90,
      54,
      57,
      37,
      101,
      42,
      23,
      40,
      100,
      25,
      9,
      3,
      36,
      24,
      0,
      26,
      48
    ],
    [
      100,
      97,
      13,
      95,
      78,
      82,
      61,
      78,
      19,
      48,
      22,
      76,
      34,
      17,
      26,
      11,
      8,
      26,
      0,
      23
    ],
    [
      107,
      105,
      15,
      106,
      100,
      105,
      82,
      59,
      13,
      71,
      23,
      56,
      53,
      39,
      48,
      14,
      26,
      48,
      23,
      0
    ]
  ],
  "time_budget": 648,
  "seed": 184522002,
  "budget_level": "medium",
  "baseline_budget": 809,
  "source_edge_csv": "costProfCat-OsakPOI-all.csv",
  "source_photo_csv": "userVisits-Osak.csv",
  "poi_ids": [
    1,
    2,
    3,
    4,
    5,
    6,
    7,
    9,
    10,
    11,
    15,
    16,
    19,
    20,
    21,
    22,
    23,
    24,
    27,
    29
  ],
  "subset_center_poi": 1
}