{
  "n_nodes": 20,
  "start": 19,
  "end": 6,
  "mandatory": [
    3,
    4,
    14
  ],
  "rewards": [
    599,
    315,
    197,
    1307,
    5,
    412,
    61,
    229,
    52,
    3,
    305,
    21,
    514,
    297,
    413,
    51,
    125,
    3,
    74,
    2
  ],
  "service_time_min": [
    43,
    13,
    25,
    36,
    5,
    18,
    21,
    48,
    31,
    5,
    18,
    5,
    34,
    28,
    30,
    22,
    14,
    27,
    40,
    27
  ],
  "travel_time_min": [
    [
      0,
      87,
      68,
      63,
      73,
      6,
      59,
      12,
      70,
      52,
      73,
      47,
      27,
      36,
      4,
      13,
      36,
      13,
      85,
      15
    ],
    [
      87,
      0,
      21,
      45,
      154,
      92,
      34,
      87,
      153,
      60,
      22,
      66,
      62,
      53,
      87,
      75,
      54,
      78,
      4,
      100
    ],
    [
      68,
      21,
      0,
      29,
      137,
      73,
      24,
      67,
      136,
      41,
      10,
      55,
      44,
      36,
      69,
      56,
      37,
      61,
      18,
      82
    ],
    [
      63,
      45,
      29,
      0,
      136,
      66,
      46,
      58,
      133,
      17,
      24,
      70,
      49,
      44,
      65,
      54,
      46,
      61,
      42,
      77
    ],
    [
      73,
      154,
      137,
      136,
      0,
      70,
      122,
      80,
      7,
      124,
      144,
      95,
      93,
      102,
      71,
      83,
      101,
      78,
      153,
      59
    ],
    [
      6,
      92,
      73,
      66,
      70,
      0,
      64,
      10,
      67,
      54,
      78,
      53,
      33,
      41,
      8,
      19,
      42,
      19,
      90,
      13
    ],
    [
      59,
      34,
      24,
      46,
      122,
      64,
      0,
      62,
      121,
      53,
      33,
      33,
      32,
      24,
      58,
      46,
      23,
      48,
      34,
      71
    ],
    [
      12,
      87,
      67,
      58,
      80,
      10,
      62,
      0,
      76,
      45,
      71,
      55,
      32,
      39,
      15,
      18,
      40,
      22,
      85,
      23
    ],
    [
      70,
      153,
      136,
      133,
      7,
      67,
      121,
      76,
      0,
      121,
      142,
      95,
      92,
      101,
      69,
      81,
      100,
      76,
      152,
      56
    ],
    [
      52,
      60,
      41,
      17,
      124,
      54,
      53,
      45,
      121,
      0,
      39,
      70,
      45,
      43,
      55,
      46,
      46,
      53,
      57,
      66
    ],
    [
      73,
      22,
      10,
      24,
      144,
      78,
      33,
      71,
      142,
      39,
      0,
      64,
      51,
      43,
      74,
      62,
      45,
      67,
      18,
      87
    ],
    [
      47,
      66,
      55,
      70,
      95,
      53,
      33,
      55,
      95,
      70,
      64,
      0,
      27,
      28,
      45,
      38,
      25,
      34,
      66,
      53
    ],
    [
      27,
      62,
      44,
      49,
      93,
      33,
      32,
      32,
      92,
      45,
      51,
      27,
      0,
      9,
      27,
      15,
      9,
      17,
      61,
      39
    ],
    [
      36,
      53,
      36,
      44,
      102,
      41,
      24,
      39,
      101,
      43,
      43,
      28,
      9,
      0,
      35,
      23,
      3,
      26,
      52,
      48
    ],
    [
      4,
      87,
      69,
      65,
      71,
      8,
      58,
      15,
      69,
      55,
      74,
      45,
      27,
      35,
      0,
      13,
      36,
      11,
      86,
      14
    ],
    [
      13,
      75,
      56,
      54,
      83,
      19,
      46,
      18,
      81,
      46,
      62,
      38,
      15,
      23,
      13,
      0,
      24,
      8,
      73,
      26
    ],
    [
      36,
      54,
      37,
      46,
      101,
      42,
      23,
      40,
      100,
      46,
      45,
      25,
      9,
      3,
      36,
      24,
      0,
      26,
      53,
      48
    ],
    [
      13,
      78,
      61,
      61,
      78,
      19,
      48,
      22,
      76,
      53,
      67,
      34,
      17,
      26,
      11,
      8,
      26,
      0,
      77,
      23
    ],
    [
      85,
      4,
      18,
      42,
      153,
      90,
      34,
      85,
      152,
      57,
      18,
      66,
      61,
      52,
      86,
      73,
      53,
      77,
      0,
      99
    ],
    [
      15,
      100,
      82,
      77,
      59,
      13,
      71,
      23,
      56,
      66,
      87,
      53,
      39,
      48,
      14,
      26,
      48,
      23,
      99,
      0
    ]
  ],
  "time_budget": 435,
  "seed": 580767384,
  "budget_level": "medium",
  "baseline_budget": 543,
  "source_edge_csv": "costProfCat-OsakPOI-all.csv",
  "source_photo_csv": "userVisits-Osak.csv",
  "poi_ids": [
    3,
    5,
    7,
    8,
    9,
    10,
    11,
    15,
    16,
    17,
    18,
    19,
    20,
    21,
    22,
    23,
    24,
    27,
    28,
    29
  ],
  "subset_center_poi": 27
}