{
  "n_nodes": 20,
  "start": 15,
  "end": 16,
  "mandatory": [
    11
  ],
  "rewards": [
    599,
    512,
    315,
    660,
    197,
    1307,
    412,
    61,
    229,
    3,
    305,
    21,
    514,
    297,
    413,
    51,
    125,
    3,
    74,
    2
  ],
  "service_time_min": [
    43,
    226,
    13,
    31,
    25,
    36,
    18,
    21,
    48,
    5,
    18,
    5,
    34,
    28,
    30,
    22,
    14,
    27,
    40,
    27
  ],
  "travel_time_min": [
    [
      0,
      106,
      87,
      92,
      68,
      63,
      6,
      59,
      12,
      52,
      73,
      47,
      27,
      36,
      4,
      13,
      36,
      13,
      85,
      15
    ],
    [
      106,
      0,
      114,
      104,
      112,
      133,
      111,
      89,
      116,
      135,
      122,
      66,
      93,
      93,
      103,
      101,
      90,
      95,
      116,
      106
    ],
    [
      87,
      114,
      0,
      15,
      21,
      45,
      92,
      34,
      87,
      60,
      22,
      66,
      62,
      53,
      87,
      75,
      54,
      78,
      4,
      100
    ],
    [
      92,
      104,
      15,
      0,
      31,
      59,
      98,
      35,
      94,
      72,
      36,
      63,
      66,
      57,
      92,
      80,
      57,
      82,
      19,
      105
    ],
    [
      68,
      112,
      21,
      31,
      0,
      29,
      73,
      24,
      67,
      41,
      10,
      55,
      44,
      36,
      69,
      56,
      37,
      61,
      18,
      82
    ],
    [
      63,
      133,
      45,
      59,
      29,
      0,
      66,
      46,
      58,
      17,
      24,
      70,
      49,
      44,
      65,
      54,
      46,
      61,
      42,
      77
    ],
    [
      6,
      111,
      92,
      98,
      73,
      66,
      0,
      64,
      10,
      54,
      78,
      53,
      33,
      41,
      8,
      19,
      42,
      19,
      90,
      13
    ],
    [
      59,
      89,
      34,
      35,
      24,
      46,
      64,
      0,
      62,
      53,
      33,
      33,
      32,
      24,
      58,
      46,
      23,
      48,
      34,
      71
    ],
    [
      12,
      116,
      87,
      94,
      67,
      58,
      10,
      62,
      0,
      45,
      71,
      55,
      32,
      39,
      15,
      18,
      40,
      22,
      85,
      23
    ],
    [
      52,
      135,
      60,
      72,
      41,
      17,
      54,
      53,
      45,
      0,
      39,
      70,
      45,
      43,
      55,
      46,
      46,
      53,
      57,
      66
    ],
    [
      73,
      122,
      22,
      36,
      10,
      24,
      78,
      33,
      71,
      39,
      0,
      64,
      51,
      43,
      74,
      62,
      45,
      67,
      18,
      87
    ],
    [
      47,
      66,
      66,
      63,
      55,
      70,
      53,
      33,
      55,
      70,
      64,
      0,
      27,
      28,
      45,
      38,
      25,
      34,
      66,
      53
    ],
    [
      27,
      93,
      62,
      66,
      44,
      49,
      33,
      32,
      32,
      45,
      51,
      27,
      0,
      9,
      27,
      15,
      9,
      17,
      61,
      39
    ],
    [
      36,
      93,
      53,
      57,
      36,
      44,
      41,
      24,
      39,
      43,
      43,
      28,
      9,
      0,
      35,
      23,
      3,
      26,
      52,
      48
    ],
    [
      4,
      103,
      87,
      92,
      69,
      65,
      8,
      58,
      15,
      55,
      74,
      45,
      27,
      35,
      0,
      13,
      36,
      11,
      86,
      14
    ],
    [
      13,
      101,
      75,
      80,
      56,
      54,
      19,
      46,
      18,
      46,
      62,
      38,
      15,
      23,
      13,
      0,
      24,
      8,
      73,
      26
    ],
    [
      36,
      90,
      54,
      57,
      37,
      46,
      42,
      23,
      40,
      46,
      45,
      25,
      9,
      3,
      36,
      24,
      0,
      26,
      53,
      48
    ],
    [
      13,
      95,
      78,
      82,
      61,
      61,
      19,
      48,
      22,
      53,
      67,
      34,
      17,
      26,
      11,
      8,
      26,
      0,
      77,
      23
    ],
    [
      85,
      116,
      4,
      19,
      18,
      42,
      90,
      34,
      85,
      57,
      18,
      66,
      61,
      52,
      86,
      73,
      53,
      77,
      0,
      99
    ],
    [
      15,
      106,
      100,
      105,
      82,
      77,
      13,
      71,
      23,
      66,
      87,
      53,
      39,
      48,
      14,
      26,
      48,
      23,
      99,
      0
    ]
  ],
  "time_budget": 763,
  "seed": 1721832408,
  "budget_level": "loose",
  "baseline_budget": 763,
  "source_edge_csv": "costProfCat-OsakPOI-all.csv",
  "source_photo_csv": "userVisits-Osak.csv",
  "poi_ids": [
    3,
    4,
    5,
    6,
    7,
    8,
    10,
    11,
    15,
    17,
    18,
    19,
    20,
    21,
    22,
    23,
    24,
    27,
    28,
    29
  ],
  "subset_center_poi": 19
}