21
0 4 25 14 24 13 31 23 9 31 14 35 8 5 33 31 23 24 33 25 13 
4 0 29 18 26 11 35 23 14 33 10 38 12 9 37 35 24 27 36 29 16 
25 29 0 23 19 38 12 42 17 44 36 14 16 21 29 27 40 24 10 4 24 
14 18 23 0 33 21 23 18 8 21 28 37 13 9 19 16 17 9 34 21 2 
24 26 19 33 0 37 31 47 24 54 29 16 19 25 46 43 47 39 17 23 33 
13 11 38 21 37 0 42 15 21 27 13 49 21 16 39 37 17 30 47 38 18 
31 35 12 23 31 42 0 42 21 41 45 24 23 26 20 18 40 19 19 8 25 
23 23 42 18 47 15 42 0 25 12 29 55 28 22 30 29 3 23 52 40 17 
9 14 17 8 24 21 21 25 0 30 23 30 4 4 25 22 24 16 27 16 9 
31 33 44 21 54 27 41 12 30 0 40 58 34 28 24 24 9 21 55 41 21 
14 10 36 28 29 13 45 29 23 40 0 43 21 19 47 45 31 37 43 38 26 
35 38 14 37 16 49 24 55 30 58 43 0 27 33 43 41 54 39 4 18 38 
8 12 16 13 19 21 23 28 4 34 21 27 0 6 30 27 28 21 25 17 13 
5 9 21 9 25 16 26 22 4 28 19 33 6 0 28 25 22 18 30 21 8 
33 37 29 19 46 39 20 30 25 24 47 43 30 28 0 2 27 9 39 25 21 
31 35 27 16 43 37 18 29 22 24 45 41 27 25 2 0 27 7 37 23 19 
23 24 40 17 47 17 40 3 24 9 31 54 28 22 27 27 0 21 51 38 16 
24 27 24 9 39 30 19 23 16 21 37 39 21 18 9 7 21 0 35 21 11 
33 36 10 34 17 47 19 52 27 55 43 4 25 30 39 37 51 35 0 14 35 
25 29 4 21 23 38 8 40 16 41 38 18 17 21 25 23 38 21 14 0 23 
13 16 24 2 33 18 25 17 9 21 26 38 13 8 21 19 16 11 35 23 0 
0 525
256 518
14 276
236 498
200 462
83 345
37 299
187 449
77 339
214 476
3 265
135 397
42 304
223 485
240 502
1 263
93 355
143 405
146 408
52 314
85 347
