21
0 26 21 23 21 35 37 38 12 36 22 25 16 26 10 27 36 20 24 35 17 
26 0 25 21 43 24 46 46 15 32 3 22 30 12 28 2 25 31 31 15 34 
21 25 0 37 42 46 57 58 24 50 22 6 36 34 30 27 47 39 43 40 38 
23 21 37 0 28 12 25 24 13 13 21 38 13 10 16 21 13 12 9 18 18 
21 43 42 28 0 40 24 26 27 35 40 46 14 37 14 44 41 15 21 46 10 
35 24 46 12 40 0 30 29 23 10 25 45 25 12 29 22 1 24 19 11 30 
37 46 57 25 24 30 0 1 35 20 45 60 21 35 27 46 30 17 15 41 20 
38 46 58 24 26 29 1 0 35 19 45 60 21 35 28 46 29 18 15 40 21 
12 15 24 13 27 23 35 35 0 26 12 25 15 13 12 16 25 18 19 23 19 
36 32 50 13 35 10 20 19 26 0 32 50 22 19 27 31 10 19 13 21 25 
22 3 22 21 40 25 45 45 12 32 0 20 27 13 25 5 26 29 29 18 31 
25 22 6 38 46 45 60 60 25 50 20 0 39 32 34 24 46 42 44 38 41 
16 30 36 13 14 25 21 21 15 22 27 39 0 22 6 30 26 3 8 31 4 
26 12 34 10 37 12 35 35 13 19 13 32 22 0 23 11 13 23 20 9 27 
10 28 30 16 14 29 27 28 12 27 25 34 6 23 0 29 30 9 15 33 7 
27 2 27 21 44 22 46 46 16 31 5 24 30 11 29 0 23 32 31 13 35 
36 25 47 13 41 1 30 29 25 10 26 46 26 13 30 23 0 25 20 12 31 
20 31 39 12 15 24 17 18 18 19 29 42 3 23 9 32 25 0 6 31 5 
24 31 43 9 21 19 15 15 19 13 29 44 8 20 15 31 20 6 0 27 12 
35 15 40 18 46 11 41 40 23 21 18 38 31 9 33 13 12 31 27 0 36 
17 34 38 18 10 30 20 21 19 25 31 41 4 27 7 35 31 5 12 36 0 
0 385
3 118
160 275
33 148
157 272
112 227
141 256
245 360
170 285
164 279
197 312
193 308
229 344
13 128
102 217
224 339
225 340
41 156
127 242
3 118
254 369
