21
0 34 33 10 26 32 20 38 13 22 27 17 47 23 15 31 24 39 17 32 33 
34 0 23 27 8 26 38 18 22 28 10 24 15 11 36 13 14 24 21 27 5 
33 23 0 33 17 44 23 41 20 13 15 16 24 25 25 34 13 5 32 45 28 
10 27 33 0 21 21 27 28 13 26 22 18 42 15 22 21 21 38 7 21 25 
26 8 17 21 0 27 29 23 14 20 2 15 20 8 27 16 5 20 17 28 11 
32 26 44 21 27 0 48 12 30 43 29 35 40 19 43 12 31 47 16 1 20 
20 38 23 27 29 48 0 50 18 10 28 14 46 32 5 42 24 29 32 48 40 
38 18 41 28 23 12 50 0 32 43 25 36 31 18 46 7 29 42 21 13 13 
13 22 20 13 14 30 18 32 0 13 13 5 34 14 14 24 11 25 15 31 23 
22 28 13 26 20 43 10 43 13 0 18 7 35 24 11 35 14 19 28 43 31 
27 10 15 22 2 29 28 25 13 18 0 14 20 10 26 18 3 18 19 30 13 
17 24 16 18 15 35 14 36 5 7 14 0 33 18 12 28 10 22 20 36 26 
47 15 24 42 20 40 46 31 34 35 20 33 0 26 45 28 23 21 37 41 20 
23 11 25 15 8 19 32 18 14 24 10 18 26 0 28 10 12 28 10 20 10 
15 36 25 22 27 43 5 46 14 11 26 12 45 28 0 39 22 31 27 43 37 
31 13 34 21 16 12 42 7 24 35 18 28 28 10 39 0 21 36 14 13 8 
24 14 13 21 5 31 24 29 11 14 3 10 23 12 22 21 0 17 19 32 17 
39 24 5 38 20 47 29 42 25 19 18 22 21 28 31 36 17 0 36 48 29 
17 21 32 7 17 16 32 21 15 28 19 20 37 10 27 14 19 36 0 16 18 
32 27 45 21 28 1 48 13 31 43 30 36 41 20 43 13 32 48 16 0 21 
33 5 28 25 11 20 40 13 23 31 13 26 20 10 37 8 17 29 18 21 0 
0 192
4 100
65 161
21 117
53 149
27 123
67 163
92 188
65 161
19 115
9 105
8 104
11 107
38 134
25 121
64 160
69 165
66 162
15 111
54 150
2 98
