21
0 7 30 21 36 14 40 22 35 25 48 21 37 38 17 8 43 36 10 18 13 
7 0 24 17 30 17 32 16 33 28 44 13 32 32 16 14 39 33 11 10 9 
30 24 0 36 6 27 14 27 19 32 23 13 9 8 20 33 17 17 23 15 16 
21 17 36 0 40 34 38 10 49 45 59 23 46 43 34 29 53 49 29 21 25 
36 30 6 40 0 34 10 30 23 38 21 17 9 3 26 39 16 20 30 20 22 
14 17 27 34 34 0 41 33 24 11 39 24 32 35 7 9 35 26 6 23 14 
40 32 14 38 10 41 0 27 33 47 31 18 19 12 34 45 26 30 36 22 27 
22 16 27 10 30 33 27 0 43 43 50 14 37 34 30 30 44 42 27 13 20 
35 33 19 49 23 24 33 43 0 21 16 29 15 22 18 33 14 3 24 30 24 
25 28 32 45 38 11 47 43 21 0 37 33 33 38 14 18 35 24 16 32 23 
48 44 23 59 21 39 31 50 16 37 0 36 13 18 32 48 5 13 38 38 35 
21 13 13 23 17 24 18 14 29 33 36 0 23 20 19 26 30 27 19 3 10 
37 32 9 46 9 32 19 37 15 33 13 23 0 7 24 39 7 11 29 25 24 
38 32 8 43 3 35 12 34 22 38 18 20 7 0 27 41 13 18 31 23 24 
17 16 20 34 26 7 34 30 18 14 32 19 24 27 0 15 28 19 6 18 10 
8 14 33 29 39 9 45 30 33 18 48 26 39 41 15 0 43 34 9 24 17 
43 39 17 53 16 35 26 44 14 35 5 30 7 13 28 43 0 10 34 32 30 
36 33 17 49 20 26 30 42 3 24 13 27 11 18 19 34 10 0 25 29 24 
10 11 23 29 30 6 36 27 24 16 38 19 29 31 6 9 34 25 0 17 8 
18 10 15 21 20 23 22 13 30 32 38 3 25 23 18 24 32 29 17 0 8 
13 9 16 25 22 14 27 20 24 23 35 10 24 24 10 17 30 24 8 8 0 
0 175
51 121
42 112
101 171
22 92
64 134
40 110
64 134
16 86
94 164
103 173
85 155
96 166
0 70
50 120
32 102
98 168
86 156
12 82
17 87
97 167
