21
0 37 46 25 31 10 51 13 33 37 52 48 56 22 44 48 39 32 25 37 34 
37 0 24 18 25 28 14 30 17 14 16 14 19 25 35 15 23 28 12 32 29 
46 24 0 39 48 41 21 33 41 38 32 36 31 24 15 14 7 17 24 17 16 
25 18 39 0 9 15 33 25 8 12 30 24 34 27 46 34 35 35 15 40 37 
31 25 48 9 0 22 38 34 8 13 33 25 37 37 56 41 44 45 25 50 47 
10 28 41 15 22 0 42 14 23 27 43 38 46 20 42 41 34 30 17 36 33 
51 14 21 33 38 42 0 42 30 25 12 17 10 34 35 7 24 33 25 36 33 
13 30 33 25 34 14 42 0 33 35 46 43 48 9 31 38 26 19 17 23 21 
33 17 41 8 8 23 30 33 0 5 25 17 29 33 50 33 38 40 20 45 42 
37 14 38 12 13 27 25 35 5 0 19 12 24 34 48 29 36 39 20 45 41 
52 16 32 30 33 43 12 46 25 19 0 8 4 41 46 18 34 42 29 46 42 
48 14 36 24 25 38 17 43 17 12 8 0 12 39 49 23 36 42 26 47 43 
56 19 31 34 37 46 10 48 29 24 4 12 0 42 46 17 34 43 31 46 43 
22 25 24 27 37 20 34 9 33 34 41 39 42 0 22 30 16 10 14 15 12 
44 35 15 46 56 42 35 31 50 48 46 49 46 22 0 28 12 12 30 7 9 
48 15 14 34 41 41 7 38 33 29 18 23 17 30 28 0 18 27 23 29 27 
39 23 7 35 44 34 24 26 38 36 34 36 34 16 12 18 0 10 20 11 9 
32 28 17 35 45 30 33 19 40 39 42 42 43 10 12 27 10 0 20 5 2 
25 12 24 15 25 17 25 17 20 20 29 26 31 14 30 23 20 20 0 25 22 
37 32 17 40 50 36 36 23 45 45 46 47 46 15 7 29 11 5 25 0 3 
34 29 16 37 47 33 33 21 42 41 42 43 43 12 9 27 9 2 22 3 0 
0 333
89 255
121 287
82 248
26 192
116 282
161 327
42 208
0 166
34 200
159 325
102 268
103 269
136 302
111 277
66 232
1 167
9 175
77 243
56 222
27 193
