21
0 38 31 25 36 33 25 29 25 22 36 32 35 40 31 43 26 10 12 42 47 
38 0 17 30 30 55 14 28 13 39 40 16 40 18 34 35 55 39 45 30 38 
31 17 0 13 13 40 9 11 11 24 23 1 23 9 17 20 41 28 34 16 23 
25 30 13 0 10 26 17 4 19 11 13 14 12 20 6 17 28 18 24 17 21 
36 30 13 10 0 32 21 6 24 20 11 14 11 14 7 7 36 29 34 6 10 
33 55 40 26 32 0 42 29 43 16 22 41 22 45 25 35 9 22 21 37 36 
25 14 9 17 21 42 0 17 2 25 29 9 29 17 22 28 41 25 31 25 32 
29 28 11 4 6 29 17 0 19 15 12 11 12 16 5 14 32 23 28 12 17 
25 13 11 19 24 43 2 19 0 27 31 11 31 19 24 30 42 25 31 27 34 
22 39 24 11 20 16 25 15 27 0 15 25 14 31 13 25 16 12 15 26 28 
36 40 23 13 11 22 29 12 31 15 0 24 0 25 7 12 28 27 30 16 14 
32 16 1 14 14 41 9 11 11 25 24 0 23 8 17 20 42 29 35 15 23 
35 40 23 12 11 22 29 12 31 14 0 23 0 25 6 12 28 26 30 15 14 
40 18 9 20 14 45 17 16 19 31 25 8 25 0 20 17 48 37 43 12 20 
31 34 17 6 7 25 22 5 24 13 7 17 6 20 0 12 29 23 28 13 15 
43 35 20 17 7 35 28 14 30 25 12 20 12 17 12 0 40 36 40 5 3 
26 55 41 28 36 9 41 32 42 16 28 42 28 48 29 40 0 18 14 42 42 
10 39 28 18 29 22 25 23 25 12 27 29 26 37 23 36 18 0 6 35 39 
12 45 34 24 34 21 31 28 31 15 30 35 30 43 28 40 14 6 0 41 43 
42 30 16 17 6 37 25 12 27 26 16 15 15 12 13 5 42 35 41 0 7 
47 38 23 21 10 36 32 17 34 28 14 23 14 20 15 3 42 39 43 7 0 
0 508
358 358
17 17
171 171
0 0
162 162
375 375
58 58
81 81
368 368
116 116
5 5
2 2
416 416
461 461
183 183
368 368
89 89
36 36
131 131
427 427
