21
0 41 31 23 9 15 46 9 8 35 26 35 40 23 20 28 13 30 13 15 35 
41 0 30 19 40 28 37 50 38 10 15 9 12 24 44 16 50 40 50 28 24 
31 30 0 17 22 30 59 40 23 19 19 21 39 35 47 16 44 51 44 17 44 
23 19 17 0 20 15 42 32 19 11 3 12 23 17 32 4 34 35 35 9 27 
9 40 22 20 0 20 53 18 2 31 24 32 42 27 30 24 22 38 23 11 40 
15 28 30 15 20 0 32 22 17 25 16 25 25 7 17 19 22 20 22 14 20 
46 37 59 42 53 32 0 49 50 44 40 43 24 25 31 43 45 20 45 46 14 
9 50 40 32 18 22 49 0 17 44 36 45 47 29 19 37 5 30 6 25 40 
8 38 23 19 2 17 50 17 0 30 22 31 40 25 27 23 21 36 21 9 37 
35 10 19 11 31 25 44 44 30 0 8 1 21 24 42 7 46 42 46 20 29 
26 15 19 3 24 16 40 36 22 8 0 9 20 17 34 3 37 35 37 13 25 
35 9 21 12 32 25 43 45 31 1 9 0 19 24 42 8 46 42 47 21 29 
40 12 39 23 42 25 24 47 40 21 20 19 0 18 37 22 46 30 46 31 13 
23 24 35 17 27 7 25 29 25 24 17 24 18 0 19 20 27 17 28 20 12 
20 44 47 32 30 17 31 19 27 42 34 42 37 19 0 37 14 11 14 29 26 
28 16 16 4 24 19 43 37 23 7 3 8 22 20 37 0 39 38 39 13 28 
13 50 44 34 22 22 45 5 21 46 37 46 46 27 14 39 0 26 0 27 38 
30 40 51 35 38 20 20 30 36 42 35 42 30 17 11 38 26 0 26 34 18 
13 50 44 35 23 22 45 6 21 46 37 47 46 28 14 39 0 26 0 28 38 
15 28 17 9 11 14 46 25 9 20 13 21 31 20 29 13 27 34 28 0 32 
35 24 44 27 40 20 14 40 37 29 25 29 13 12 26 28 38 18 38 32 0 
0 333
85 85
313 313
72 72
10 10
320 320
117 117
10 10
191 191
313 313
191 191
38 38
178 178
300 300
77 77
111 111
145 145
146 146
300 300
2 2
27 27
