21
0 29 39 27 46 38 47 41 41 22 22 12 19 32 28 11 19 22 14 39 16 
29 0 44 26 66 38 41 37 32 44 29 16 9 37 40 18 42 7 42 48 39 
39 44 0 18 30 7 17 14 20 24 17 38 40 7 11 35 26 40 35 5 28 
27 26 18 0 43 13 20 14 14 25 7 21 22 10 15 19 25 22 30 21 24 
46 66 30 43 0 37 48 44 50 24 37 53 59 34 27 50 26 60 33 25 30 
38 38 7 13 37 0 11 6 12 28 15 34 36 5 14 32 29 35 37 12 29 
47 41 17 20 48 11 0 5 8 39 25 41 40 17 26 39 41 39 48 22 41 
41 37 14 14 44 6 5 0 7 34 19 35 35 11 20 33 35 34 42 19 35 
41 32 20 14 50 12 8 7 0 37 21 33 32 16 25 32 38 30 44 25 37 
22 44 24 25 24 28 39 34 37 0 18 29 36 22 13 26 3 37 11 21 6 
22 29 17 7 37 15 25 19 21 18 0 20 23 10 10 17 18 24 23 19 16 
12 16 38 21 53 34 41 35 33 29 20 0 7 30 29 3 27 9 25 39 24 
19 9 40 22 59 36 40 35 32 36 23 7 0 32 33 9 34 2 33 43 30 
32 37 7 10 34 5 17 11 16 22 10 30 32 0 9 27 24 32 31 11 24 
28 40 11 15 27 14 26 20 25 13 10 29 33 9 0 26 15 34 23 10 16 
11 18 35 19 50 32 39 33 32 26 17 3 9 27 26 0 24 11 23 36 21 
19 42 26 25 26 29 41 35 38 3 18 27 34 24 15 24 0 36 8 24 3 
22 7 40 22 60 35 39 34 30 37 24 9 2 32 34 11 36 0 35 43 32 
14 42 35 30 33 37 48 42 44 11 23 25 33 31 23 23 8 35 0 33 7 
39 48 5 21 25 12 22 19 25 21 19 39 43 11 10 36 24 43 33 0 26 
16 39 28 24 30 29 41 35 37 6 16 24 30 24 16 21 3 32 7 26 0 
0 333
196 329
38 171
162 295
103 236
8 141
69 202
144 277
94 227
19 152
2 135
139 272
153 286
12 145
155 288
63 196
2 135
175 308
49 182
170 303
135 268
