21
0 50 27 15 21 25 51 14 35 47 58 28 51 48 45 32 38 31 45 47 27 
50 0 30 35 31 27 14 40 27 19 13 34 2 27 6 26 11 20 13 10 41 
27 30 0 17 6 6 38 12 8 37 42 32 32 21 28 5 21 20 33 32 36 
15 35 17 0 10 12 36 11 25 32 42 17 35 37 30 21 23 15 30 31 20 
21 31 6 10 0 3 36 8 14 34 41 26 32 27 27 11 20 17 31 31 30 
25 27 6 12 3 0 33 12 13 32 38 25 28 24 24 9 17 14 27 27 30 
51 14 38 36 36 33 0 44 38 6 8 28 11 40 10 36 16 20 5 5 34 
14 40 12 11 8 12 44 0 21 41 49 28 41 34 36 18 29 24 38 39 31 
35 27 8 25 14 13 38 21 0 38 40 38 29 12 27 3 21 24 33 32 43 
47 19 37 32 34 32 6 41 38 0 15 22 16 43 13 36 17 17 6 8 27 
58 13 42 42 41 38 8 49 40 15 0 36 10 40 13 38 20 26 12 11 42 
28 34 32 17 26 25 28 28 38 22 36 0 33 47 27 34 24 15 23 26 6 
51 2 32 35 32 28 11 41 29 16 10 33 0 29 5 28 12 20 11 8 39 
48 27 21 37 27 24 40 34 12 43 40 47 29 0 30 15 26 32 37 35 53 
45 6 28 30 27 24 10 36 27 13 13 27 5 30 0 25 7 14 7 5 34 
32 26 5 21 11 9 36 18 3 36 38 34 28 15 25 0 19 21 31 30 39 
38 11 21 23 20 17 16 29 21 17 20 24 12 26 7 19 0 8 11 11 30 
31 20 20 15 17 14 20 24 24 17 26 15 20 32 14 21 8 0 14 15 22 
45 13 33 30 31 27 5 38 33 6 12 23 11 37 7 31 11 14 0 2 30 
47 10 32 31 31 27 5 39 32 8 11 26 8 35 5 30 11 15 2 0 32 
27 41 36 20 30 30 34 31 43 27 42 6 39 53 34 39 30 22 30 32 0 
0 420
59 269
155 365
16 226
89 299
133 343
65 275
159 369
22 232
197 407
13 223
186 396
18 228
195 405
192 402
206 416
190 400
105 315
91 301
136 346
174 384
