21
0 46 42 37 30 43 49 23 31 17 5 17 39 14 34 17 33 15 33 34 26 
46 0 6 10 50 5 47 60 49 32 41 45 8 33 16 30 13 57 21 48 26 
42 6 0 5 44 0 40 55 43 30 38 39 3 29 10 26 11 52 15 42 20 
37 10 5 0 40 5 38 50 39 25 32 34 2 23 5 21 8 46 11 38 15 
30 50 44 40 0 45 23 18 1 39 32 13 42 25 34 34 42 22 29 5 25 
43 5 0 5 45 0 41 56 44 30 38 40 3 29 10 27 11 52 15 42 20 
49 47 40 38 23 41 0 42 21 52 49 33 39 38 33 45 45 45 28 18 30 
23 60 55 50 18 56 42 0 20 39 27 15 52 28 45 36 49 8 41 23 35 
31 49 43 39 1 44 21 20 0 39 32 14 40 25 33 34 41 23 28 3 24 
17 32 30 25 39 30 52 39 39 0 12 27 27 14 25 6 18 32 26 41 21 
5 41 38 32 32 38 49 27 32 12 0 18 35 11 30 11 27 20 29 34 22 
17 45 39 34 13 40 33 15 14 27 18 0 36 14 29 22 34 13 25 16 19 
39 8 3 2 42 3 39 52 40 27 35 36 0 26 7 23 9 49 12 39 17 
14 33 29 23 25 29 38 28 25 14 11 14 26 0 20 9 21 23 18 26 11 
34 16 10 5 34 10 33 45 33 25 30 29 7 20 0 20 11 42 5 32 10 
17 30 26 21 34 27 45 36 34 6 11 22 23 9 20 0 16 30 21 35 15 
33 13 11 8 42 11 45 49 41 18 27 34 9 21 11 16 0 44 16 41 16 
15 57 52 46 22 52 45 8 23 32 20 13 49 23 42 30 44 0 39 27 32 
33 21 15 11 29 15 28 41 28 26 29 25 12 18 5 21 16 39 0 27 7 
34 48 42 38 5 42 18 23 3 41 34 16 39 26 32 35 41 27 27 0 24 
26 26 20 15 25 20 30 35 24 21 22 19 17 11 10 15 16 32 7 24 0 
0 175
27 44
17 34
136 153
137 154
137 154
75 92
144 161
63 80
130 147
139 156
153 170
20 37
126 143
26 43
38 55
109 126
12 29
13 30
90 107
89 106
