21
0 43 28 50 33 6 41 38 48 56 33 31 35 32 47 28 8 22 19 32 30 
43 0 17 42 10 47 8 4 42 13 43 18 13 41 32 20 37 33 53 24 21 
28 17 0 48 11 33 21 14 48 30 41 19 6 40 40 3 25 15 43 26 5 
50 42 48 0 39 48 34 40 1 44 19 28 49 19 10 51 41 59 43 21 54 
33 10 11 39 0 37 10 5 39 22 36 11 10 34 30 14 27 25 44 18 16 
6 47 33 48 37 0 44 42 47 59 31 33 40 30 46 33 10 28 13 33 35 
41 8 21 34 10 44 0 7 34 15 36 12 18 34 24 24 34 36 49 17 25 
38 4 14 40 5 42 7 0 40 17 39 14 11 38 30 17 32 29 49 21 18 
48 42 48 1 39 47 34 40 0 45 17 28 49 17 11 51 40 58 42 21 53 
56 13 30 44 22 59 15 17 45 0 50 27 25 49 34 33 49 46 64 32 34 
33 43 41 19 36 31 36 39 17 50 0 25 45 1 21 44 25 48 24 18 46 
31 18 19 28 11 33 12 14 28 27 25 0 21 23 20 22 23 31 36 7 25 
35 13 6 49 10 40 18 11 49 25 45 21 0 44 41 8 31 20 49 28 8 
32 41 40 19 34 30 34 38 17 49 1 23 44 0 21 42 24 46 24 17 45 
47 32 40 10 30 46 24 30 11 34 21 20 41 21 0 43 38 52 44 15 46 
28 20 3 51 14 33 24 17 51 33 44 22 8 42 43 0 25 12 44 29 2 
8 37 25 41 27 10 34 32 40 49 25 23 31 24 38 25 0 24 18 23 28 
22 33 15 59 25 28 36 29 58 46 48 31 20 46 52 12 24 0 41 37 12 
19 53 43 43 44 13 49 49 42 64 24 36 49 24 44 44 18 41 0 34 46 
32 24 26 21 18 33 17 21 21 32 18 7 28 17 15 29 23 37 34 0 32 
30 21 5 54 16 35 25 18 53 34 46 25 8 45 46 2 28 12 46 32 0 
0 525
86 296
5 215
277 487
30 240
285 495
205 415
285 495
181 391
253 463
18 228
144 354
300 510
132 342
240 450
2 212
191 401
240 450
299 509
19 229
20 230
