21
0 30 26 29 9 14 18 15 29 25 34 19 15 22 17 28 29 24 27 20 14 
30 0 55 38 32 39 23 43 20 24 11 31 29 44 47 10 38 24 38 22 18 
26 55 0 35 23 17 36 12 48 41 60 30 30 18 13 51 35 48 46 45 37 
29 38 35 0 20 21 16 25 20 14 48 10 14 16 38 28 0 49 56 45 23 
9 32 23 20 0 6 14 10 26 20 39 11 8 13 19 27 21 32 37 28 14 
14 39 17 21 6 0 19 4 31 24 46 14 13 8 17 34 21 38 41 34 21 
18 23 36 16 14 19 0 24 12 7 32 8 6 22 33 15 16 33 42 29 7 
15 43 12 25 10 4 24 0 36 29 49 19 18 10 13 38 26 39 40 36 25 
29 20 48 20 26 31 12 36 0 6 31 17 18 32 45 10 20 39 51 35 15 
25 24 41 14 20 24 7 29 6 0 35 11 11 25 39 14 14 39 49 35 13 
34 11 60 48 39 46 32 49 31 35 0 40 37 52 50 21 48 20 34 19 26 
19 31 30 10 11 14 8 19 17 11 40 0 3 14 30 23 10 39 46 35 14 
15 29 30 14 8 13 6 18 18 11 37 3 0 15 28 21 14 35 42 31 11 
22 44 18 16 13 8 22 10 32 25 52 14 15 0 23 37 17 46 49 42 26 
17 47 13 38 19 17 33 13 45 39 50 30 28 23 0 45 38 36 32 33 31 
28 10 51 28 27 34 15 38 10 14 21 23 21 37 45 0 28 31 44 28 13 
29 38 35 0 21 21 16 26 20 14 48 10 14 17 38 28 0 49 57 45 23 
24 24 48 49 32 38 33 39 39 39 20 39 35 46 36 31 49 0 14 4 26 
27 38 46 56 37 41 42 40 51 49 34 46 42 49 32 44 57 14 0 16 36 
20 22 45 45 28 34 29 36 35 35 19 35 31 42 33 28 45 4 16 0 22 
14 18 37 23 14 21 7 25 15 13 26 14 11 26 31 13 23 26 36 22 0 
0 403
341 381
76 116
34 74
170 210
190 230
248 288
128 168
59 99
335 375
151 191
220 260
193 233
358 398
299 339
196 236
300 340
164 204
126 166
72 112
325 365
