21
0 42 43 42 28 45 47 17 23 27 42 29 15 5 29 36 38 37 18 43 29 
42 0 30 37 25 3 4 29 19 32 16 42 40 45 41 19 5 14 29 16 41 
43 30 0 8 15 32 29 41 32 16 14 59 31 49 20 12 26 16 42 14 21 
42 37 8 0 17 40 37 43 35 14 22 62 28 47 15 18 32 23 45 22 15 
28 25 15 17 0 28 27 26 18 7 16 45 18 33 15 8 20 12 28 17 16 
45 3 32 40 28 0 3 31 22 35 18 43 43 48 44 21 8 16 32 18 45 
47 4 29 37 27 3 0 33 24 34 15 46 43 49 42 19 8 14 34 14 43 
17 29 41 43 26 31 33 0 10 30 34 18 25 17 35 30 26 29 1 35 36 
23 19 32 35 18 22 24 10 0 24 24 27 24 25 31 20 15 18 11 25 32 
27 32 16 14 7 35 34 30 24 0 22 48 14 33 8 15 27 19 31 23 9 
42 16 14 22 16 18 15 34 24 22 0 51 34 47 29 7 12 5 35 0 30 
29 42 59 62 45 43 46 18 27 48 51 0 41 25 54 48 40 46 17 52 54 
15 40 31 28 18 43 43 25 24 14 34 41 0 21 14 27 35 30 26 35 14 
5 45 49 47 33 48 49 17 25 33 47 25 21 0 35 40 41 41 18 47 35 
29 41 20 15 15 44 42 35 31 8 29 54 14 35 0 23 35 27 37 30 0 
36 19 12 18 8 21 19 30 20 15 7 48 27 40 23 0 14 4 31 8 24 
38 5 26 32 20 8 8 26 15 27 12 40 35 41 35 14 0 9 26 13 36 
37 14 16 23 12 16 14 29 18 19 5 46 30 41 27 4 9 0 30 6 28 
18 29 42 45 28 32 34 1 11 31 35 17 26 18 37 31 26 30 0 36 38 
43 16 14 22 17 18 14 35 25 23 0 52 35 47 30 8 13 6 36 0 31 
29 41 21 15 16 45 43 36 32 9 30 54 14 35 0 24 36 28 38 31 0 
0 192
26 102
23 99
96 172
47 123
43 119
42 118
38 114
56 132
98 174
24 100
81 157
7 83
92 168
83 159
112 188
83 159
61 137
71 147
52 128
101 177
