21
0 25 21 24 25 25 12 35 33 39 26 2 25 35 13 10 41 10 16 25 39 
25 0 16 1 4 18 17 19 41 25 52 27 51 47 12 36 34 25 9 22 24 
21 16 0 15 19 4 8 35 49 41 44 24 44 53 15 29 48 14 15 34 40 
24 1 15 0 4 18 16 19 40 25 50 26 49 45 11 34 34 24 7 21 24 
25 4 19 4 0 22 18 15 37 21 51 26 50 43 12 35 29 26 8 18 20 
25 18 4 18 22 0 12 37 53 43 48 28 47 57 19 33 51 17 18 37 42 
12 17 8 16 18 12 0 33 42 38 37 15 36 45 9 21 43 8 11 28 37 
35 19 35 19 15 37 33 0 31 6 59 35 58 38 24 45 16 40 21 14 4 
33 41 49 40 37 53 42 31 0 29 45 31 43 7 34 37 20 43 35 19 31 
39 25 41 25 21 43 38 6 29 0 62 39 61 36 29 48 11 44 27 15 2 
26 52 44 50 51 48 37 59 45 62 0 24 1 42 39 15 60 30 43 47 62 
2 27 24 26 26 28 15 35 31 39 24 0 23 33 15 9 40 13 18 25 39 
25 51 44 49 50 47 36 58 43 61 1 23 0 41 38 14 59 29 42 45 61 
35 47 53 45 43 57 45 38 7 36 42 33 41 0 38 37 27 46 40 25 38 
13 12 15 11 12 19 9 24 34 29 39 15 38 38 0 23 34 15 3 19 28 
10 36 29 34 35 33 21 45 37 48 15 9 14 37 23 0 49 15 27 34 49 
41 34 48 34 29 51 43 16 20 11 60 40 59 27 34 49 0 48 33 15 13 
10 25 14 24 26 17 8 40 43 44 30 13 29 46 15 15 48 0 18 33 44 
16 9 15 7 8 18 11 21 35 27 43 18 42 40 3 27 33 18 0 18 26 
25 22 34 21 18 37 28 14 19 15 47 25 45 25 19 34 15 33 18 0 16 
39 24 40 24 20 42 37 4 31 2 62 39 61 38 28 49 13 44 26 16 0 
0 297
4 93
196 285
66 155
120 209
163 252
136 225
60 149
33 122
179 268
52 141
61 150
145 234
6 95
192 281
162 251
159 248
54 143
138 227
55 144
183 272
