21
0 3 33 14 47 15 30 17 45 28 24 42 47 39 19 16 45 8 21 48 10 
3 0 37 18 50 18 34 14 47 31 22 44 47 40 15 18 47 6 25 51 9 
33 37 0 18 30 20 6 44 31 16 49 29 51 39 51 25 38 39 11 29 35 
14 18 18 0 36 5 16 27 35 16 33 32 45 35 32 11 38 21 7 37 17 
47 50 30 36 0 33 25 48 4 20 48 6 29 20 58 31 13 48 32 2 42 
15 18 20 5 33 0 16 23 30 12 28 28 39 29 30 5 32 19 9 33 14 
30 34 6 16 25 16 0 40 26 10 44 23 44 33 47 20 32 35 9 25 31 
17 14 44 27 48 23 40 0 44 33 7 42 37 33 10 20 41 8 32 49 9 
45 47 31 35 4 30 26 44 0 19 44 2 25 15 54 29 8 45 31 6 39 
28 31 16 16 20 12 10 33 19 0 36 16 34 23 42 13 23 30 12 20 25 
24 22 49 33 48 28 44 7 44 36 0 42 32 31 15 24 39 16 38 49 15 
42 44 29 32 6 28 23 42 2 16 42 0 25 15 52 26 9 42 28 7 36 
47 47 51 45 29 39 44 37 25 34 32 25 0 11 47 34 16 42 45 31 38 
39 40 39 35 20 29 33 33 15 23 31 15 11 0 44 24 8 36 33 22 31 
19 15 51 32 58 30 47 10 54 42 15 52 47 44 0 28 51 11 39 59 16 
16 18 25 11 31 5 20 20 29 13 24 26 34 24 28 0 29 17 14 32 11 
45 47 38 38 13 32 32 41 8 23 39 9 16 8 51 29 0 43 35 15 37 
8 6 39 21 48 19 35 8 45 30 16 42 42 36 11 17 43 0 27 49 6 
21 25 11 7 32 9 9 32 31 12 38 28 45 33 39 14 35 27 0 31 23 
48 51 29 37 2 33 25 49 6 20 49 7 31 22 59 32 15 49 31 0 43 
10 9 35 17 42 14 31 9 39 25 15 36 38 31 16 11 37 6 23 43 0 
0 227
54 144
45 135
86 176
30 120
60 150
102 192
124 214
99 189
106 196
79 169
128 218
117 207
69 159
52 142
130 220
23 113
6 96
100 190
100 190
59 149
