21
0 51 14 2 20 50 25 11 44 24 25 17 24 45 15 15 22 27 21 6 20 
51 0 64 53 36 1 30 43 39 46 36 41 30 48 38 43 40 27 41 58 56 
14 64 0 12 29 63 39 25 49 37 33 31 35 47 29 28 36 38 35 7 16 
2 53 12 0 21 52 27 13 46 26 27 19 26 46 17 16 24 29 23 4 19 
20 36 29 21 0 35 22 20 25 33 6 24 6 28 17 23 28 9 28 24 20 
50 1 63 52 35 0 28 42 39 44 35 39 29 48 36 42 39 26 40 56 55 
25 30 39 27 22 28 0 14 43 16 27 11 19 49 9 13 11 19 11 32 39 
11 43 25 13 20 42 14 0 46 14 26 6 22 48 5 4 11 23 10 18 29 
44 39 49 46 25 39 43 46 0 58 19 49 24 9 42 49 52 24 52 47 34 
24 46 37 26 33 44 16 14 58 0 39 9 33 62 15 10 5 34 5 30 43 
25 36 33 27 6 35 27 26 19 39 0 30 8 22 24 30 34 10 34 29 20 
17 41 31 19 24 39 11 6 49 9 30 0 24 52 6 3 5 25 4 24 35 
24 30 35 26 6 29 19 22 24 33 8 24 0 29 18 25 27 3 28 30 26 
45 48 47 46 28 48 49 48 9 62 22 52 29 0 46 52 56 30 56 46 31 
15 38 29 17 17 36 9 5 42 15 24 6 18 46 0 6 10 19 10 22 30 
15 43 28 16 23 42 13 4 49 10 30 3 25 52 6 0 7 26 6 21 33 
22 40 36 24 28 39 11 11 52 5 34 5 27 56 10 7 0 28 1 29 40 
27 27 38 29 9 26 19 23 24 34 10 25 3 30 19 26 28 0 28 32 29 
21 41 35 23 28 40 11 10 52 5 34 4 28 56 10 6 1 28 0 28 39 
6 58 7 4 24 56 32 18 47 30 29 24 30 46 22 21 29 32 28 0 17 
20 56 16 19 20 55 39 29 34 43 20 35 26 31 30 33 40 29 39 17 0 
0 333
196 295
92 191
66 165
78 177
12 111
182 281
121 220
80 179
45 144
33 132
214 313
10 109
15 114
82 181
152 251
117 216
16 115
23 122
74 173
20 119
