21
0 31 3 22 18 19 24 20 18 24 30 17 21 17 18 23 26 34 21 10 23 
31 0 29 52 41 12 52 39 49 42 60 47 32 34 49 8 42 45 37 38 43 
3 29 0 25 16 17 27 18 19 22 33 18 23 19 20 21 23 36 18 9 21 
22 52 25 0 28 42 7 33 8 35 8 13 30 24 8 45 39 34 36 21 33 
18 41 16 28 0 29 34 5 19 7 35 15 39 34 20 33 10 52 9 8 5 
19 12 17 42 29 0 43 27 37 30 50 35 28 28 38 3 30 42 25 26 31 
24 52 27 7 34 43 0 39 15 41 9 20 26 20 15 46 44 28 41 26 39 
20 39 18 33 5 27 39 0 25 3 41 21 41 37 25 31 5 54 3 12 4 
18 49 19 8 19 37 15 25 0 26 16 4 32 25 0 41 30 39 28 14 24 
24 42 22 35 7 30 41 3 26 0 42 22 45 40 27 34 3 58 5 15 2 
30 60 33 8 35 50 9 41 16 42 0 20 35 29 15 53 46 37 44 29 40 
17 47 18 13 15 35 20 21 4 22 20 0 34 27 5 39 26 43 24 10 20 
21 32 23 30 39 28 26 41 32 45 35 34 0 6 32 28 47 14 42 31 44 
17 34 19 24 34 28 20 37 25 40 29 27 6 0 25 29 43 17 38 26 40 
18 49 20 8 20 38 15 25 0 27 15 5 32 25 0 41 31 39 28 14 25 
23 8 21 45 33 3 46 31 41 34 53 39 28 29 41 0 34 43 29 29 35 
26 42 23 39 10 30 44 5 30 3 46 26 47 43 31 34 0 60 5 18 5 
34 45 36 34 52 42 28 54 39 58 37 43 14 17 39 43 60 0 55 43 57 
21 37 18 36 9 25 41 3 28 5 44 24 42 38 28 29 5 55 0 15 7 
10 38 9 21 8 26 26 12 14 15 29 10 31 26 14 29 18 43 15 0 14 
23 43 21 33 5 31 39 4 24 2 40 20 44 40 25 35 5 57 7 14 0 
0 192
99 137
5 43
119 157
122 160
40 78
55 93
91 129
133 171
92 130
122 160
92 130
140 178
107 145
20 58
113 151
93 131
28 66
7 45
108 146
97 135
