21
0 20 21 5 28 27 18 18 25 6 17 23 18 23 25 11 32 19 17 24 30 
20 0 15 24 38 47 38 29 39 24 28 34 3 4 45 31 36 37 18 5 50 
21 15 0 21 47 43 39 37 28 20 17 42 12 13 40 32 21 41 6 20 45 
5 24 21 0 32 23 17 22 19 1 13 26 21 26 21 11 28 20 16 29 25 
28 38 47 32 0 40 24 10 50 34 45 5 38 42 40 23 60 19 44 38 42 
27 47 43 23 40 0 16 33 21 23 27 35 44 49 2 19 39 21 36 51 2 
18 38 39 17 24 16 0 17 29 19 29 19 36 41 16 7 44 5 34 41 18 
18 29 37 22 10 33 17 0 40 23 35 5 29 34 33 14 50 13 34 30 35 
25 39 28 19 50 21 29 40 0 18 11 44 35 39 19 27 17 34 22 44 23 
6 24 20 1 34 23 19 23 18 0 11 28 21 26 21 13 26 21 14 29 26 
17 28 17 13 45 27 29 35 11 11 0 40 24 27 25 24 15 32 11 33 30 
23 34 42 26 5 35 19 5 44 28 40 0 34 38 35 18 55 14 39 35 37 
18 3 12 21 38 44 36 29 35 21 24 34 0 5 42 29 33 36 14 9 47 
23 4 13 26 42 49 41 34 39 26 27 38 5 0 47 34 34 41 17 7 52 
25 45 40 21 40 2 16 33 19 21 25 35 42 47 0 18 36 21 34 50 5 
11 31 32 11 23 19 7 14 27 13 24 18 29 34 18 0 39 8 27 34 22 
32 36 21 28 60 39 44 50 17 26 15 55 33 34 36 39 0 47 19 41 41 
19 37 41 20 19 21 5 13 34 21 32 14 36 41 21 8 47 0 36 40 22 
17 18 6 16 44 36 34 34 22 14 11 39 14 17 34 27 19 36 0 23 39 
24 5 20 29 38 51 41 30 44 29 33 35 9 7 50 34 41 40 23 0 54 
30 50 45 25 42 2 18 35 23 26 30 37 47 52 5 22 41 22 39 54 0 
0 438
238 325
251 338
331 418
221 308
294 381
203 290
73 160
112 199
14 101
277 364
35 122
11 98
86 173
349 436
189 276
235 322
27 114
221 308
34 121
304 391
