21
0 29 27 52 33 48 47 44 38 33 39 19 5 39 25 40 28 16 15 29 34 
29 0 7 23 25 19 22 18 10 19 14 19 27 12 9 11 6 23 22 3 21 
27 7 0 26 18 24 19 16 16 12 12 22 27 19 15 14 12 18 17 10 15 
52 23 26 0 39 6 19 18 14 33 19 38 50 14 28 12 24 44 43 23 35 
33 25 18 39 0 40 23 22 34 6 20 37 35 37 33 28 31 16 17 28 4 
48 19 24 6 40 0 22 20 10 33 20 33 45 9 23 11 20 42 41 19 35 
47 22 19 19 23 22 0 3 23 17 8 41 47 25 32 14 27 34 34 24 18 
44 18 16 18 22 20 3 0 19 16 4 37 43 22 28 11 23 31 31 20 17 
38 10 16 14 34 10 23 19 0 27 17 24 35 2 13 8 9 34 32 9 30 
33 19 12 33 6 33 17 16 27 0 13 34 34 30 28 22 25 18 18 22 2 
39 14 12 19 20 20 8 4 17 13 0 33 39 20 24 9 20 27 27 17 15 
19 19 22 38 37 33 41 37 24 34 33 0 14 24 10 29 14 26 24 17 35 
5 27 27 50 35 45 47 43 35 34 39 14 0 36 22 38 25 19 18 27 35 
39 12 19 14 37 9 25 22 2 30 20 24 36 0 14 10 11 36 34 11 32 
25 9 15 28 33 23 32 28 13 28 24 10 22 14 0 19 4 26 24 7 30 
40 11 14 12 28 11 14 11 8 22 9 29 38 10 19 0 14 32 31 12 24 
28 6 12 24 31 20 27 23 9 25 20 14 25 11 4 14 0 26 24 3 27 
16 23 18 44 16 42 34 31 34 18 27 26 19 36 26 32 26 0 1 25 18 
15 22 17 43 17 41 34 31 32 18 27 24 18 34 24 31 24 1 0 23 18 
29 3 10 23 28 19 24 20 9 22 17 17 27 11 7 12 3 25 23 0 25 
34 21 15 35 4 35 18 17 30 2 15 35 35 32 30 24 27 18 18 25 0 
0 210
13 118
88 193
36 141
20 125
42 147
15 120
29 134
59 164
63 168
32 137
99 204
70 175
43 148
80 185
103 208
0 105
28 133
16 121
31 136
15 120
