21
0 28 26 40 27 44 30 1 38 11 50 23 7 27 23 27 29 36 34 44 46 
28 0 34 38 3 51 33 28 31 27 60 30 31 44 15 26 20 40 42 29 33 
26 34 0 16 36 18 6 24 18 14 26 4 19 13 19 10 18 11 8 28 29 
40 38 16 0 40 16 10 39 7 29 26 17 35 27 23 13 17 7 13 17 16 
27 3 36 40 0 53 35 28 34 28 62 32 31 45 17 29 23 42 44 33 36 
44 51 18 16 53 0 18 42 24 33 9 22 37 21 36 24 31 11 9 34 32 
30 33 6 10 35 18 0 29 11 19 27 7 25 19 17 6 14 7 9 21 22 
1 28 24 39 28 42 29 0 37 9 48 22 5 25 23 26 29 35 33 43 46 
38 31 18 7 34 24 11 37 0 28 33 17 34 31 18 10 11 13 18 10 10 
11 27 14 29 28 33 19 9 28 0 40 12 6 18 17 17 21 25 23 35 37 
50 60 26 26 62 9 27 48 33 40 0 30 43 24 44 33 40 20 18 43 41 
23 30 4 17 32 22 7 22 17 12 30 0 17 15 16 8 15 13 12 26 28 
7 31 19 35 31 37 25 5 34 6 43 17 0 19 23 23 27 30 28 42 44 
27 44 13 27 45 21 19 25 31 18 24 15 19 0 31 23 31 20 15 41 42 
23 15 19 23 17 36 17 23 18 17 44 16 23 31 0 11 7 25 27 21 24 
27 26 10 13 29 24 6 26 10 17 33 8 23 23 11 0 8 13 15 18 20 
29 20 18 17 23 31 14 29 11 21 40 15 27 31 7 8 0 20 23 14 17 
36 40 11 7 42 11 7 35 13 25 20 13 30 20 25 13 20 0 5 24 23 
34 42 8 13 44 9 9 33 18 23 18 12 28 15 27 15 23 5 0 29 29 
44 29 28 17 33 34 21 43 10 35 43 26 42 41 21 18 14 24 29 0 3 
46 33 29 16 36 32 22 46 10 37 41 28 44 42 24 20 17 23 29 3 0 
0 280
104 216
17 129
128 240
14 126
131 243
65 177
20 132
69 181
90 202
6 118
3 115
30 142
92 204
94 206
68 180
93 205
125 237
17 129
48 160
161 273
