21
0 25 18 25 35 26 30 27 25 20 13 14 2 39 6 24 26 32 9 30 12 
25 0 18 21 30 29 6 9 18 26 27 13 23 13 31 30 21 14 34 22 30 
18 18 0 7 18 37 24 13 7 8 11 18 17 29 21 37 8 31 25 12 29 
25 21 7 0 11 44 27 13 3 9 15 25 24 30 28 44 1 35 32 4 36 
35 30 18 11 0 55 35 21 12 16 24 35 35 36 37 55 9 44 41 7 47 
26 29 37 44 55 0 29 37 43 44 38 19 24 38 30 2 45 23 30 48 16 
30 6 24 27 35 29 0 14 24 33 33 17 28 9 37 31 27 9 39 28 33 
27 9 13 13 21 37 14 0 10 20 24 19 25 17 32 38 13 23 36 14 35 
25 18 7 3 12 43 24 10 0 11 17 23 25 27 29 43 3 33 33 4 36 
20 26 8 9 16 44 33 20 11 0 8 25 21 37 21 43 10 40 25 13 33 
13 27 11 15 24 38 33 24 17 8 0 22 14 40 13 37 17 39 17 20 25 
14 13 18 25 35 19 17 19 23 25 22 0 11 26 20 19 26 18 23 28 16 
2 23 17 24 35 24 28 25 25 21 14 11 0 37 9 22 26 30 11 29 11 
39 13 29 30 36 38 9 17 27 37 40 26 37 0 45 40 30 16 48 30 43 
6 31 21 28 37 30 37 32 29 21 13 20 9 45 0 28 29 39 4 32 15 
24 30 37 44 55 2 31 38 43 43 37 19 22 40 28 0 45 25 27 48 14 
26 21 8 1 9 45 27 13 3 10 17 26 26 30 29 45 0 36 33 3 37 
32 14 31 35 44 23 9 23 33 40 39 18 30 16 39 25 36 0 41 37 32 
9 34 25 32 41 30 39 36 33 25 17 23 11 48 4 27 33 41 0 37 13 
30 22 12 4 7 48 28 14 4 13 20 28 29 30 32 48 3 37 37 0 41 
12 30 29 36 47 16 33 35 36 33 25 16 11 43 15 14 37 32 13 41 0 
0 473
276 465
21 210
136 325
164 353
3 192
259 448
278 467
79 268
113 302
30 219
98 287
182 371
230 419
209 398
256 445
253 442
218 407
252 441
67 256
136 325
