21
0 32 45 23 20 31 39 24 43 6 34 28 41 28 41 27 43 33 42 25 25 
32 0 14 15 20 28 8 24 30 26 33 38 18 39 31 39 35 15 22 19 11 
45 14 0 24 29 41 14 38 39 40 46 52 26 53 42 53 45 27 30 32 20 
23 15 24 0 5 34 23 28 41 19 39 40 31 41 41 40 44 26 35 24 3 
20 20 29 5 0 37 29 30 45 18 42 41 36 42 45 41 47 31 40 27 9 
31 28 41 34 37 0 27 7 13 25 5 12 19 14 10 14 11 14 18 10 33 
39 8 14 23 29 27 0 25 25 32 32 39 12 40 27 40 31 13 16 20 20 
24 24 38 28 30 7 25 0 19 18 11 13 20 15 17 14 19 13 20 5 27 
43 30 39 41 45 13 25 19 0 37 14 25 13 27 4 27 7 14 9 19 38 
6 26 40 19 18 25 32 18 37 0 29 24 34 24 35 24 37 26 36 18 20 
34 33 46 39 42 5 32 11 14 29 0 10 23 13 10 12 10 19 21 15 38 
28 38 52 40 41 12 39 13 25 24 10 0 32 2 21 2 20 26 30 19 39 
41 18 26 31 36 19 12 20 13 34 23 32 0 34 16 34 19 7 4 17 28 
28 39 53 41 42 14 40 15 27 24 13 2 34 0 23 0 23 28 32 20 40 
41 31 42 41 45 10 27 17 4 35 10 21 16 23 0 23 3 16 12 18 39 
27 39 53 40 41 14 40 14 27 24 12 2 34 0 23 0 22 28 32 20 40 
43 35 45 44 47 11 31 19 7 37 10 20 19 23 3 22 0 19 15 20 42 
33 15 27 26 31 14 13 13 14 26 19 26 7 28 16 28 19 0 9 9 23 
42 22 30 35 40 18 16 20 9 36 21 30 4 32 12 32 15 9 0 17 32 
25 19 32 24 27 10 20 5 19 18 15 19 17 20 18 20 20 9 17 0 22 
25 11 20 3 9 33 20 27 38 20 38 39 28 40 39 40 42 23 32 22 0 
0 455
26 208
27 209
99 281
46 228
99 281
81 263
196 378
180 362
272 454
136 318
101 283
62 244
73 255
5 187
156 338
106 288
112 294
165 347
222 404
151 333
