21
0 5 44 28 21 22 27 52 13 39 5 11 27 44 51 48 41 18 41 28 26 
5 0 47 31 26 23 28 57 16 44 6 16 28 49 55 53 46 22 45 32 31 
44 47 0 15 33 29 25 22 30 35 41 37 26 38 11 23 29 45 4 46 30 
28 31 15 0 22 16 14 30 14 31 25 22 15 35 24 27 27 31 13 36 20 
21 26 33 22 0 29 31 33 17 18 23 10 32 22 36 28 19 12 33 13 5 
22 23 29 16 29 0 5 46 12 44 17 23 5 48 40 44 42 35 25 42 31 
27 28 25 14 31 5 0 44 16 44 22 27 1 48 36 41 41 38 21 45 32 
52 57 22 30 33 46 44 0 41 23 52 42 45 23 13 5 16 45 27 41 28 
13 16 30 14 17 12 16 41 0 33 10 10 17 38 38 37 33 22 28 29 20 
39 44 35 31 18 44 44 23 33 0 41 28 45 4 31 17 6 26 37 19 13 
5 6 41 25 23 17 22 52 10 41 0 13 22 46 49 48 42 22 38 32 28 
11 16 37 22 10 23 27 42 10 28 13 0 27 33 42 37 30 11 36 19 15 
27 28 26 15 32 5 1 45 17 45 22 27 0 50 37 43 43 39 22 46 33 
44 49 38 35 22 48 48 23 38 4 46 33 50 0 33 18 8 30 40 22 18 
51 55 11 24 36 40 36 13 38 31 49 42 37 33 0 15 25 48 16 47 31 
48 53 23 27 28 44 41 5 37 17 48 37 43 18 15 0 11 40 27 36 22 
41 46 29 27 19 42 41 16 33 6 42 30 43 8 25 11 0 30 32 25 14 
18 22 45 31 12 35 38 45 22 26 22 11 39 30 48 40 30 0 44 10 17 
41 45 4 13 33 25 21 27 28 37 38 36 22 40 16 27 32 44 0 47 30 
28 32 46 36 13 42 45 41 29 19 32 19 46 22 47 36 25 10 47 0 16 
26 31 30 20 5 31 32 28 20 13 28 15 33 18 31 22 14 17 30 16 0 
0 368
165 201
41 77
176 212
145 181
182 218
301 337
167 203
233 269
244 280
282 318
222 258
262 298
59 95
262 298
177 213
124 160
302 338
284 320
101 137
311 347
