21
0 42 46 30 51 30 40 35 18 28 12 15 24 26 44 25 36 38 36 47 44 
42 0 36 48 33 13 25 10 42 51 34 33 50 45 27 44 31 26 22 37 29 
46 36 0 26 9 31 11 27 31 30 47 31 34 26 9 26 9 10 15 1 7 
30 48 26 0 35 37 29 38 12 4 39 20 9 4 31 5 21 26 28 27 30 
51 33 9 35 0 31 11 26 38 39 51 36 43 35 8 35 16 13 16 8 7 
30 13 31 37 31 0 20 6 29 39 23 20 38 33 23 32 23 20 16 32 24 
40 25 11 29 11 20 0 16 29 32 39 25 34 27 3 27 8 2 5 11 4 
35 10 27 38 26 6 16 0 32 40 29 24 40 35 18 34 21 17 12 28 20 
18 42 31 12 38 29 29 32 0 11 26 9 9 8 32 7 22 26 26 32 31 
28 51 30 4 39 39 32 40 11 0 38 20 5 5 35 6 25 30 31 31 34 
12 34 47 39 51 23 39 29 26 38 0 19 34 34 43 33 38 38 34 48 43 
15 33 31 20 36 20 25 24 9 20 19 0 18 16 29 15 21 23 21 32 29 
24 50 34 9 43 38 34 40 9 5 34 18 0 7 37 7 27 32 33 35 36 
26 45 26 4 35 33 27 35 8 5 34 16 7 0 30 1 19 25 26 27 29 
44 27 9 31 8 23 3 18 32 35 43 29 37 30 0 29 10 5 8 10 2 
25 44 26 5 35 32 27 34 7 6 33 15 7 1 29 0 19 24 25 27 28 
36 31 9 21 16 23 8 21 22 25 38 21 27 19 10 19 0 5 8 10 9 
38 26 10 26 13 20 2 17 26 30 38 23 32 25 5 24 5 0 4 11 5 
36 22 15 28 16 16 5 12 26 31 34 21 33 26 8 25 8 4 0 16 9 
47 37 1 27 8 32 11 28 32 31 48 32 35 27 10 27 10 11 16 0 8 
44 29 7 30 7 24 4 20 31 34 43 29 36 29 2 28 9 5 9 8 0 
0 175
2 89
57 144
85 172
17 104
14 101
27 114
7 94
22 109
18 105
19 106
72 159
32 119
13 100
69 156
26 113
27 114
41 128
86 173
51 138
14 101
