21
0 42 37 33 52 9 39 46 42 36 43 13 30 13 42 43 51 62 34 36 43 
42 0 24 17 24 38 14 16 30 8 18 30 25 29 11 46 11 31 11 14 28 
37 24 0 8 15 29 9 39 6 16 8 31 7 31 13 22 24 25 14 9 6 
33 17 8 0 19 26 6 31 15 8 10 25 7 24 10 29 21 29 6 3 14 
52 24 15 19 0 44 14 40 15 21 8 44 22 44 13 31 17 10 21 17 12 
9 38 29 26 44 0 32 45 33 31 36 15 22 15 36 34 46 55 29 30 35 
39 14 9 6 14 32 0 30 15 7 5 30 12 30 4 32 15 24 7 2 13 
46 16 39 31 40 45 30 0 46 23 34 33 38 32 27 61 25 46 25 29 44 
42 30 6 15 15 33 15 46 0 22 12 37 12 37 19 17 28 24 21 16 2 
36 8 16 8 21 31 7 23 22 0 13 25 16 25 7 38 15 30 2 6 21 
43 18 8 10 8 36 5 34 12 13 0 35 14 35 7 30 15 18 12 8 10 
13 30 31 25 44 15 30 33 37 25 35 0 25 0 32 45 40 54 24 27 38 
30 25 7 7 22 22 12 38 12 16 14 25 0 25 17 23 28 32 14 11 13 
13 29 31 24 44 15 30 32 37 25 35 0 25 0 32 45 40 54 24 27 38 
42 11 13 10 13 36 4 27 19 7 7 32 17 32 0 36 10 22 8 6 17 
43 46 22 29 31 34 32 61 17 38 30 45 23 45 36 0 46 38 36 32 20 
51 11 24 21 17 46 15 25 28 15 15 40 28 40 10 46 0 21 17 17 25 
62 31 25 29 10 55 24 46 24 30 18 54 32 54 22 38 21 0 30 27 21 
34 11 14 6 21 29 7 25 21 2 12 24 14 24 8 36 17 30 0 5 20 
36 14 9 3 17 30 2 29 16 6 8 27 11 27 6 32 17 27 5 0 15 
43 28 6 14 12 35 13 44 2 21 10 38 13 38 17 20 25 21 20 15 0 
0 420
279 321
214 256
206 248
104 146
142 184
240 282
311 353
208 250
41 83
288 330
280 322
275 317
13 55
247 289
227 269
55 97
101 143
104 146
377 419
353 395
