21
0 20 28 24 19 39 15 26 25 34 20 2 32 27 29 37 14 9 44 26 15 
20 0 8 11 16 33 15 30 20 21 17 18 27 27 17 33 17 11 36 33 27 
28 8 0 10 24 31 20 32 20 15 19 26 26 28 13 30 25 19 32 36 35 
24 11 10 0 28 22 11 22 10 10 9 23 16 18 5 21 27 18 24 26 36 
19 16 24 28 0 49 27 41 35 38 30 18 42 41 33 48 5 14 53 43 15 
39 33 31 22 49 0 23 17 13 16 19 38 7 12 17 1 47 36 6 21 53 
15 15 20 11 27 23 0 14 10 20 4 15 16 13 15 22 24 13 28 17 29 
26 30 32 22 41 17 14 0 12 25 13 26 12 6 22 16 38 27 24 4 41 
25 20 20 10 35 13 10 12 0 12 5 25 7 7 9 12 33 22 18 17 39 
34 21 15 10 38 16 20 25 12 0 16 33 14 19 5 16 38 28 17 29 46 
20 17 19 9 30 19 4 13 5 16 0 19 12 10 11 18 28 17 24 17 34 
2 18 26 23 18 38 15 26 25 33 19 0 31 27 28 37 13 7 44 27 14 
32 27 26 16 42 7 16 12 7 14 12 31 0 6 13 5 40 29 12 16 46 
27 27 28 18 41 12 13 6 7 19 10 27 6 0 17 10 38 26 18 10 42 
29 17 13 5 33 17 15 22 9 5 11 28 13 17 0 17 33 23 19 26 41 
37 33 30 21 48 1 22 16 12 16 18 37 5 10 17 0 46 35 7 19 52 
14 17 25 27 5 47 24 38 33 38 28 13 40 38 33 46 0 11 51 40 10 
9 11 19 18 14 36 13 27 22 28 17 7 29 26 23 35 11 0 40 29 18 
44 36 32 24 53 6 28 24 18 17 24 44 12 18 19 7 51 40 0 27 58 
26 33 36 26 43 21 17 4 17 29 17 27 16 10 26 19 40 29 27 0 41 
15 27 35 36 15 53 29 41 39 46 34 14 46 42 41 52 10 18 58 41 0 
0 227
2 70
32 100
114 182
90 158
9 77
145 213
17 85
103 171
90 158
74 142
64 132
8 76
113 181
130 198
141 209
82 150
96 164
118 186
112 180
10 78
