21
0 20 37 23 35 12 29 42 28 5 28 6 26 35 44 24 25 51 21 39 46 
20 0 31 7 15 12 25 40 9 23 31 24 17 21 36 4 20 34 4 18 30 
37 31 0 39 32 39 8 11 26 43 15 43 13 13 7 34 12 25 27 34 21 
23 7 39 0 17 11 33 48 15 24 38 25 25 28 43 5 27 39 11 19 36 
35 15 32 17 0 26 30 43 9 38 38 39 22 19 34 12 25 23 14 3 21 
12 12 39 11 26 0 31 46 21 12 34 13 25 32 45 13 26 46 15 29 42 
29 25 8 33 30 31 0 15 22 34 9 35 8 14 15 28 5 30 21 33 25 
42 40 11 48 43 46 15 0 36 47 14 48 22 25 13 43 20 35 36 46 31 
28 9 26 15 9 21 22 36 0 31 30 32 14 13 29 9 17 25 6 12 21 
5 23 43 24 38 12 34 47 31 0 33 1 31 40 50 26 31 55 25 41 51 
28 31 15 38 38 34 9 14 30 33 0 34 16 23 21 35 13 39 27 41 34 
6 24 43 25 39 13 35 48 32 1 34 0 32 40 50 27 31 56 26 42 52 
26 17 13 25 22 25 8 22 14 31 16 32 0 9 19 20 3 26 13 25 21 
35 21 13 28 19 32 14 25 13 40 23 40 9 0 15 23 12 17 17 20 12 
44 36 7 43 34 45 15 13 29 50 21 50 19 15 0 38 18 22 32 36 18 
24 4 34 5 12 13 28 43 9 26 35 27 20 23 38 0 23 34 7 15 31 
25 20 12 27 25 26 5 20 17 31 13 31 3 12 18 23 0 29 16 28 24 
51 34 25 39 23 46 30 35 25 55 39 56 26 17 22 34 29 0 31 23 4 
21 4 27 11 14 15 21 36 6 25 27 26 13 17 32 7 16 31 0 17 27 
39 18 34 19 3 29 33 46 12 41 41 42 25 20 36 15 28 23 17 0 21 
46 30 21 36 21 42 25 31 21 51 34 52 21 12 18 31 24 4 27 21 0 
0 473
181 275
213 307
16 110
286 380
328 422
93 187
161 255
64 158
166 260
88 182
303 397
353 447
242 336
267 361
59 153
174 268
246 340
252 346
145 239
302 396
