21
0 28 1 42 30 38 43 10 26 12 39 40 48 24 14 30 33 13 43 33 50 
28 0 27 19 6 13 15 18 10 22 32 13 39 23 14 3 12 27 22 5 21 
1 27 0 42 29 38 43 10 26 11 40 39 49 25 13 30 33 14 44 32 49 
42 19 42 0 24 6 16 32 15 40 22 24 25 23 31 15 8 34 3 14 19 
30 6 29 24 0 18 15 22 16 21 39 9 46 29 16 9 18 32 28 10 21 
38 13 38 6 18 0 11 28 12 34 26 18 30 23 26 9 5 32 9 7 16 
43 15 43 16 15 11 0 34 20 37 37 10 41 33 30 13 16 41 19 11 6 
10 18 10 32 22 28 34 0 16 12 32 31 40 17 6 21 23 11 34 23 40 
26 10 26 15 16 12 20 16 0 25 23 22 30 13 15 8 7 20 17 9 26 
12 22 11 40 21 34 37 12 25 0 44 30 52 29 9 25 31 22 42 27 42 
39 32 40 22 39 26 37 32 23 44 0 43 8 14 35 30 22 26 20 30 42 
40 13 39 24 9 18 10 31 22 30 43 0 49 36 26 13 21 40 28 13 13 
48 39 49 25 46 30 41 40 30 52 8 49 0 23 43 36 28 35 22 36 45 
24 23 25 23 29 23 33 17 13 29 14 36 23 0 21 22 17 13 23 23 39 
14 14 13 31 16 26 30 6 15 9 35 26 43 21 0 17 22 17 33 19 36 
30 3 30 15 9 9 13 21 8 25 30 13 36 22 17 0 8 28 18 2 19 
33 12 33 8 18 5 16 23 7 31 22 21 28 17 22 8 0 27 11 8 21 
13 27 14 34 32 32 41 11 20 22 26 40 35 13 17 28 27 0 35 29 47 
43 22 44 3 28 9 19 34 17 42 20 28 22 23 33 18 11 35 0 17 22 
33 5 32 14 10 7 11 23 9 27 30 13 36 23 19 2 8 29 17 0 17 
50 21 49 19 21 16 6 40 26 42 42 13 45 39 36 19 21 47 22 17 0 
0 262
121 173
181 233
177 229
28 80
68 120
38 90
59 111
138 190
114 166
176 228
203 255
208 260
166 218
42 94
124 176
9 61
68 120
107 159
118 170
61 113
