21
0 35 36 21 38 18 19 35 21 27 37 35 3 39 20 37 30 15 39 5 36 
35 0 39 15 44 34 16 18 19 15 18 23 33 12 43 44 33 23 47 30 10 
36 39 0 40 5 52 38 22 45 24 24 17 32 31 22 6 7 41 8 38 30 
21 15 40 0 44 19 2 26 5 18 27 29 21 24 36 44 33 7 46 16 22 
38 44 5 44 0 55 43 28 49 29 29 23 35 36 22 2 11 45 3 41 36 
18 34 52 19 55 0 18 44 14 35 45 45 21 43 39 54 45 12 56 14 41 
19 16 38 2 43 18 0 25 6 17 26 28 19 24 33 42 31 6 44 15 22 
35 18 22 26 28 44 25 0 31 8 2 5 33 8 34 28 18 31 31 34 8 
21 19 45 5 49 14 6 31 0 23 33 34 22 30 38 48 38 5 51 16 27 
27 15 24 18 29 35 17 8 23 0 10 10 24 12 29 29 17 23 31 25 10 
37 18 24 27 29 45 26 2 33 10 0 6 35 7 36 30 20 33 32 36 7 
35 23 17 29 23 45 28 5 34 10 6 0 32 13 31 23 14 33 26 34 13 
3 33 32 21 35 21 19 33 22 24 35 32 0 37 17 33 26 17 35 7 34 
39 12 31 24 36 43 24 8 30 12 7 13 37 0 41 37 27 31 40 36 2 
20 43 22 36 22 39 33 34 38 29 36 31 17 41 0 20 18 33 20 25 39 
37 44 6 44 2 54 42 28 48 29 30 23 33 37 20 0 11 44 2 40 36 
30 33 7 33 11 45 31 18 38 17 20 14 26 27 18 11 0 34 14 31 26 
15 23 41 7 45 12 6 31 5 23 33 33 17 31 33 44 34 0 47 10 28 
39 47 8 46 3 56 44 31 51 31 32 26 35 40 20 2 14 47 0 42 39 
5 30 38 16 41 14 15 34 16 25 36 34 7 36 25 40 31 10 42 0 34 
36 10 30 22 36 41 22 8 27 10 7 13 34 2 39 36 26 28 39 34 0 
0 262
83 214
74 205
112 243
107 238
63 194
96 227
128 259
9 140
71 202
17 148
17 148
101 232
39 170
75 206
99 230
77 208
112 243
52 183
6 137
96 227
