21
0 35 27 49 9 36 17 10 42 13 39 35 27 54 36 14 48 37 49 11 46 
35 0 11 16 35 1 31 25 25 21 27 11 9 21 3 24 14 9 16 24 16 
27 11 0 22 29 12 28 16 20 14 20 8 10 27 13 19 25 19 22 17 27 
49 16 22 0 50 16 47 38 21 36 25 14 25 5 18 39 18 22 0 38 24 
9 35 29 50 0 35 8 13 47 14 45 38 25 55 34 11 45 34 50 12 42 
36 1 12 16 35 0 32 26 27 22 28 13 10 21 2 24 12 8 16 25 14 
17 31 28 47 8 32 0 16 48 15 47 37 22 53 30 9 40 29 47 13 35 
10 25 16 38 13 26 16 0 33 3 31 25 17 43 25 8 37 27 38 3 36 
42 25 20 21 47 27 48 33 0 32 4 14 30 24 29 38 37 35 21 35 41 
13 21 14 36 14 22 15 3 32 0 31 23 13 41 22 6 34 24 36 2 32 
39 27 20 25 45 28 47 31 4 31 0 15 31 28 31 37 39 37 24 33 43 
35 11 8 14 38 13 37 25 14 23 15 0 17 19 15 27 24 21 14 26 27 
27 9 10 25 25 10 22 17 30 13 31 17 0 30 8 14 20 10 25 15 19 
54 21 27 5 55 21 53 43 24 41 28 19 30 0 23 44 21 27 5 43 28 
36 3 13 18 34 2 30 25 29 22 31 15 8 23 0 23 12 6 18 24 13 
14 24 19 39 11 24 9 8 38 6 37 27 14 44 23 0 34 23 39 5 31 
48 14 25 18 45 12 40 37 37 34 39 24 20 21 12 34 0 11 19 36 7 
37 9 19 22 34 8 29 27 35 24 37 21 10 27 6 23 11 0 23 26 8 
49 16 22 0 50 16 47 38 21 36 24 14 25 5 18 39 19 23 0 38 25 
11 24 17 38 12 25 13 3 35 2 33 26 15 43 24 5 36 26 38 0 34 
46 16 27 24 42 14 35 36 41 32 43 27 19 28 13 31 7 8 25 34 0 
0 473
378 378
221 221
370 370
117 117
350 350
320 320
277 277
395 395
377 377
236 236
18 18
159 159
70 70
243 243
100 100
445 445
175 175
211 211
6 6
75 75
