21
0 29 39 24 35 40 41 43 54 8 10 43 36 40 36 27 26 7 31 18 29 
29 0 29 5 6 42 24 42 44 31 23 35 17 13 24 2 3 34 47 34 22 
39 29 0 27 29 17 9 15 16 34 29 6 14 26 5 29 27 40 32 28 9 
24 5 27 0 11 39 24 39 43 26 18 33 17 16 22 3 2 29 42 29 19 
35 6 29 11 0 44 22 43 43 37 29 35 15 7 24 8 8 41 51 39 24 
40 42 17 39 44 0 26 5 21 32 31 14 30 42 22 41 40 37 18 23 19 
41 24 9 24 22 26 0 24 20 38 31 14 7 18 6 24 23 43 40 34 13 
43 42 15 39 43 5 24 0 16 36 34 10 29 41 20 41 40 42 24 27 20 
54 44 16 43 43 21 20 16 0 48 44 11 27 38 20 44 43 54 40 41 25 
8 31 34 26 37 32 38 36 48 0 8 37 34 41 32 29 28 5 22 9 25 
10 23 29 18 29 31 31 34 44 8 0 33 27 32 26 21 20 12 26 13 19 
43 35 6 33 35 14 14 10 11 37 33 0 20 31 11 35 33 43 31 30 14 
36 17 14 17 15 30 7 29 27 34 27 20 0 12 8 17 16 40 41 33 12 
40 13 26 16 7 42 18 41 38 41 32 31 12 0 20 14 14 45 51 41 23 
36 24 5 22 24 22 6 20 20 32 26 11 8 20 0 23 22 38 34 28 7 
27 2 29 3 8 41 24 41 44 29 21 35 17 14 23 0 1 32 44 32 21 
26 3 27 2 8 40 23 40 43 28 20 33 16 14 22 1 0 32 43 31 20 
7 34 40 29 41 37 43 42 54 5 12 43 40 45 38 32 32 0 26 14 30 
31 47 32 42 51 18 40 24 40 22 26 31 41 51 34 44 43 26 0 13 28 
18 34 28 29 39 23 34 27 41 9 13 30 33 41 28 32 31 14 13 0 21 
29 22 9 19 24 19 13 20 25 25 19 14 12 23 7 21 20 30 28 21 0 
0 245
203 203
162 162
140 140
66 66
132 132
56 56
240 240
60 60
140 140
164 164
141 141
129 129
125 125
178 178
244 244
90 90
159 159
80 80
63 63
89 89
