21
0 31 31 23 8 33 47 17 14 26 39 47 62 22 35 9 45 40 47 41 28 
31 0 26 7 25 38 20 27 27 33 42 52 41 25 6 30 21 10 33 10 3 
31 26 0 25 23 12 27 14 17 11 16 26 32 8 24 23 21 28 16 30 23 
23 7 25 0 18 36 26 22 21 30 41 51 46 22 12 24 26 17 35 17 6 
8 25 23 18 0 27 40 10 7 19 33 41 54 15 28 5 37 34 38 35 22 
33 38 12 36 27 0 39 17 20 7 5 14 39 14 37 24 33 40 23 43 35 
47 20 27 26 40 39 0 37 38 38 41 50 23 32 13 43 6 10 22 13 20 
17 27 14 22 10 17 37 0 3 9 23 31 47 6 28 8 32 33 31 35 24 
14 27 17 21 7 20 38 3 0 12 26 34 49 9 29 5 34 34 33 35 24 
26 33 11 30 19 7 38 9 12 0 13 21 42 7 33 17 32 37 26 39 30 
39 42 16 41 33 5 41 23 26 13 0 9 37 19 40 30 34 43 22 46 39 
47 52 26 51 41 14 50 31 34 21 9 0 43 28 50 37 43 53 29 56 49 
62 41 32 46 54 39 23 47 49 42 37 43 0 41 35 55 20 34 16 36 40 
22 25 8 22 15 14 32 6 9 7 19 28 41 0 25 14 27 30 24 32 22 
35 6 24 12 28 37 13 28 29 33 40 50 35 25 0 33 15 5 28 6 6 
9 30 23 24 5 24 43 8 5 17 30 37 55 14 33 0 39 38 39 39 27 
45 21 21 26 37 33 6 32 34 32 34 43 20 27 15 39 0 14 15 17 20 
40 10 28 17 34 40 10 33 34 37 43 53 34 30 5 38 14 0 29 3 11 
47 33 16 35 38 23 22 31 33 26 22 29 16 24 28 39 15 29 0 32 30 
41 10 30 17 35 43 13 35 35 39 46 56 36 32 6 39 17 3 32 0 12 
28 3 23 6 22 35 20 24 24 30 39 49 40 22 6 27 20 11 30 12 0 
0 403
64 265
87 288
86 287
63 264
181 382
85 286
137 338
104 305
199 400
148 349
117 318
87 288
131 332
163 364
5 206
23 224
139 340
138 339
126 327
179 380
