21
0 47 13 29 24 44 31 29 14 29 24 30 31 30 3 19 41 14 39 19 27 
47 0 57 18 37 37 17 36 34 33 31 19 48 26 44 29 30 57 41 33 20 
13 57 0 40 38 44 40 30 27 31 37 42 26 43 16 28 43 1 38 25 37 
29 18 40 0 23 33 3 25 16 21 17 6 35 15 26 11 26 39 33 18 4 
24 37 38 23 0 54 27 42 14 39 6 18 49 11 21 23 48 38 52 30 25 
44 37 44 33 54 0 30 14 40 15 48 40 20 48 42 30 7 43 7 25 29 
31 17 40 3 27 30 0 23 18 19 20 10 34 18 27 12 23 40 30 17 3 
29 36 30 25 42 14 23 0 27 3 37 31 11 38 28 18 13 29 10 11 21 
14 34 27 16 14 40 18 27 0 25 11 15 34 16 11 10 35 27 37 16 15 
29 33 31 21 39 15 19 3 25 0 34 28 15 35 27 15 12 30 12 10 17 
24 31 37 17 6 48 20 37 11 34 0 12 45 6 20 18 42 37 46 26 19 
30 19 42 6 18 40 10 31 15 28 12 0 41 8 26 15 33 42 40 23 10 
31 48 26 35 49 20 34 11 34 15 45 41 0 48 31 26 22 25 12 19 31 
30 26 43 15 11 48 18 38 16 35 6 8 48 0 26 21 42 43 48 28 18 
3 44 16 26 21 42 27 28 11 27 20 26 31 26 0 16 39 17 38 17 24 
19 29 28 11 23 30 12 18 10 15 18 15 26 21 16 0 25 28 28 7 8 
41 30 43 26 48 7 23 13 35 12 42 33 22 42 39 25 0 42 11 21 23 
14 57 1 39 38 43 40 29 27 30 37 42 25 43 17 28 42 0 36 24 36 
39 41 38 33 52 7 30 10 37 12 46 40 12 48 38 28 11 36 0 21 29 
19 33 25 18 30 25 17 11 16 10 26 23 19 28 17 7 21 24 21 0 13 
27 20 37 4 25 29 3 21 15 17 19 10 31 18 24 8 23 36 29 13 0 
0 438
21 240
36 255
103 322
56 275
152 371
21 240
37 256
167 386
180 399
8 227
153 372
208 427
144 363
84 303
55 274
61 280
24 243
138 357
118 337
78 297
