21
0 43 12 18 10 17 16 14 15 10 20 9 7 12 24 8 39 40 5 32 18 
43 0 55 25 35 33 50 41 28 52 54 47 46 36 20 47 26 4 46 45 38 
12 55 0 31 23 30 11 25 27 3 13 17 8 25 34 16 45 52 15 32 30 
18 25 31 0 9 10 30 17 3 28 34 22 23 11 10 21 29 22 20 35 15 
10 35 23 9 0 7 25 9 7 21 30 12 16 3 18 12 36 31 11 36 9 
17 33 30 10 7 0 33 8 9 28 37 16 24 5 20 16 39 28 16 42 5 
16 50 11 30 25 33 0 31 27 9 4 24 9 28 29 24 36 48 21 20 34 
14 41 25 17 9 8 31 0 15 24 35 9 21 6 27 9 46 37 10 45 4 
15 28 27 3 7 9 27 15 0 25 31 19 19 9 11 19 30 25 17 33 14 
10 52 3 28 21 28 9 24 25 0 12 16 5 23 31 16 42 49 13 29 28 
20 54 13 34 30 37 4 35 31 12 0 28 13 32 34 27 38 52 25 20 38 
9 47 17 22 12 16 24 9 19 16 28 0 15 11 30 0 46 44 3 41 14 
7 46 8 23 16 24 9 21 19 5 13 15 0 19 26 14 37 43 12 26 25 
12 36 25 11 3 5 28 6 9 23 32 11 19 0 21 11 39 32 11 39 6 
24 20 34 10 18 20 29 27 11 31 34 30 26 21 0 30 19 18 28 28 26 
8 47 16 21 12 16 24 9 19 16 27 0 14 11 30 0 46 43 2 40 14 
39 26 45 29 36 39 36 46 30 42 38 46 37 39 19 46 0 28 44 22 44 
40 4 52 22 31 28 48 37 25 49 52 44 43 32 18 43 28 0 42 45 33 
5 46 15 20 11 16 21 10 17 13 25 3 12 11 28 2 44 42 0 38 15 
32 45 32 35 36 42 20 45 33 29 20 41 26 39 28 40 22 45 38 0 46 
18 38 30 15 9 5 34 4 14 28 38 14 25 6 26 14 44 33 15 46 0 
0 227
117 162
46 91
138 183
31 76
40 85
50 95
144 189
56 101
37 82
69 114
5 50
100 145
61 106
135 180
55 100
126 171
27 72
30 75
66 111
73 118
