21
0 28 30 10 38 30 32 32 25 49 16 39 12 47 18 30 29 17 35 35 23 
28 0 17 32 11 24 5 31 6 31 27 32 22 24 23 17 12 13 12 20 16 
30 17 0 38 16 40 15 46 11 48 37 48 31 40 14 0 29 24 29 37 6 
10 32 38 0 43 25 37 25 32 46 9 33 10 46 28 38 29 18 35 33 32 
38 11 16 43 0 35 6 42 12 36 39 41 33 26 28 15 22 25 19 28 19 
30 24 40 25 35 0 29 7 29 20 16 9 17 23 39 40 12 17 17 9 36 
32 5 15 37 6 29 0 36 7 32 33 36 27 24 25 15 16 19 14 23 17 
32 31 46 25 42 7 36 0 36 24 16 8 20 29 44 46 19 22 24 16 42 
25 6 11 32 12 29 7 36 0 37 29 37 22 30 17 11 18 15 19 26 9 
49 31 48 46 36 20 32 24 37 0 37 17 36 10 53 48 21 32 18 13 47 
16 27 37 9 39 16 33 16 29 37 0 24 6 38 31 38 21 14 28 24 32 
39 32 48 33 41 9 36 8 37 17 24 0 26 24 48 48 19 26 22 13 45 
12 22 31 10 33 17 27 20 22 36 6 26 0 35 24 31 18 8 24 23 25 
47 24 40 46 26 23 24 29 30 10 38 24 35 0 47 39 17 29 12 13 40 
18 23 14 28 28 39 25 44 17 53 31 48 24 47 0 15 32 22 35 40 9 
30 17 0 38 15 40 15 46 11 48 38 48 31 39 15 0 29 25 29 37 7 
29 12 29 29 22 12 16 19 18 21 21 19 18 17 32 29 0 12 6 8 27 
17 13 24 18 25 17 19 22 15 32 14 26 8 29 22 25 12 0 17 19 20 
35 12 29 35 19 17 14 24 19 18 28 22 24 12 35 29 6 17 0 9 29 
35 20 37 33 28 9 23 16 26 13 24 13 23 13 40 37 8 19 9 0 35 
23 16 6 32 19 36 17 42 9 47 32 45 25 40 9 7 27 20 29 35 0 
0 420
170 254
260 344
130 214
160 244
199 283
177 261
109 193
128 212
129 213
59 143
73 157
54 138
271 355
183 267
178 262
276 360
84 168
235 319
319 403
185 269
