21
0 34 17 3 18 34 28 21 18 27 32 25 32 19 26 4 31 24 46 46 16 
34 0 31 30 40 6 12 25 17 17 32 8 9 33 19 30 9 14 21 15 24 
17 31 0 17 9 35 20 33 14 34 15 24 35 1 15 19 24 29 35 46 7 
3 30 17 0 20 30 25 18 15 23 32 22 28 19 25 1 27 20 44 42 15 
18 40 9 20 0 43 29 38 23 40 22 32 43 8 24 21 33 36 44 55 16 
34 6 35 30 43 0 18 21 20 12 37 11 3 36 24 30 15 11 27 12 27 
28 12 20 25 29 18 0 28 9 24 19 8 20 21 6 26 3 19 18 27 13 
21 25 33 18 38 21 28 0 22 8 44 20 17 35 32 17 29 10 45 31 27 
18 17 14 15 23 20 9 22 0 20 21 9 20 16 10 16 12 15 28 32 7 
27 17 34 23 40 12 24 8 20 0 41 15 9 36 29 22 23 5 38 22 27 
32 32 15 32 22 37 19 44 21 41 0 27 39 14 13 33 22 36 25 47 17 
25 8 24 22 32 11 8 20 9 15 27 0 11 25 14 22 8 10 24 22 16 
32 9 35 28 43 3 20 17 20 9 39 11 0 36 26 28 17 8 31 14 27 
19 33 1 19 8 36 21 35 16 36 14 25 36 0 16 21 25 31 35 48 9 
26 19 15 25 24 24 6 32 10 29 13 14 26 16 0 25 10 23 20 34 10 
4 30 19 1 21 30 26 17 16 22 33 22 28 21 25 0 28 19 44 42 16 
31 9 24 27 33 15 3 29 12 23 22 8 17 25 10 28 0 18 16 24 17 
24 14 29 20 36 11 19 10 15 5 36 10 8 31 23 19 18 0 34 22 22 
46 21 35 44 44 27 18 45 28 38 25 24 31 35 20 44 16 34 0 30 30 
46 15 46 42 55 12 27 31 32 22 47 22 14 48 34 42 24 22 30 0 39 
16 24 7 15 16 27 13 27 7 27 17 16 27 9 10 16 17 22 30 39 0 
0 175
27 62
18 53
62 97
103 138
52 87
90 125
48 83
31 66
44 79
74 109
108 143
121 156
21 56
10 45
117 152
117 152
42 77
128 163
15 50
45 80
