21
0 46 37 47 47 48 41 34 57 41 46 40 33 7 31 50 22 31 10 34 25 
46 0 11 8 37 46 4 14 17 31 46 44 44 48 41 11 27 23 36 33 24 
37 11 0 10 39 48 7 13 27 32 47 43 42 40 38 20 16 21 26 32 13 
47 8 10 0 44 54 9 20 24 38 53 51 50 50 47 19 26 29 37 39 22 
47 37 39 44 0 10 36 26 30 7 10 12 18 42 17 28 44 20 40 12 44 
48 46 48 54 10 0 45 35 40 15 2 8 16 42 16 38 50 27 44 17 50 
41 4 7 9 36 45 0 11 20 29 44 41 41 43 38 13 22 20 31 30 19 
34 14 13 20 26 35 11 0 22 19 34 30 30 35 26 15 20 9 24 19 19 
57 17 27 24 30 40 20 22 0 27 40 40 44 57 41 7 41 27 47 32 39 
41 31 32 38 7 15 29 19 27 0 15 13 17 37 15 23 36 13 34 7 36 
46 46 47 53 10 2 44 34 40 15 0 5 13 40 14 37 48 26 42 15 49 
40 44 43 51 12 8 41 30 40 13 5 0 8 34 8 36 43 22 36 11 44 
33 44 42 50 18 16 41 30 44 17 13 8 0 26 3 39 38 21 30 11 40 
7 48 40 50 42 42 43 35 57 37 40 34 26 0 26 49 27 29 14 30 30 
31 41 38 47 17 16 38 26 41 15 14 8 3 26 0 36 36 17 28 8 37 
50 11 20 19 28 38 13 15 7 23 37 36 39 49 36 0 34 21 40 27 31 
22 27 16 26 44 50 22 20 41 36 48 43 38 27 36 34 0 23 13 33 3 
31 23 21 29 20 27 20 9 27 13 26 22 21 29 17 21 23 0 22 10 23 
10 36 26 37 40 44 31 24 47 34 42 36 30 14 28 40 13 22 0 28 16 
34 33 32 39 12 17 30 19 32 7 15 11 11 30 8 27 33 10 28 0 33 
25 24 13 22 44 50 19 19 39 36 49 44 40 30 37 31 3 23 16 33 0 
0 438
170 345
156 331
215 390
237 412
261 436
44 219
171 346
216 391
237 412
114 289
201 376
135 310
92 267
251 426
177 352
157 332
0 175
214 389
205 380
79 254
