21
0 24 28 5 50 28 20 24 6 8 13 17 6 19 24 14 36 16 33 33 31 
24 0 14 22 27 9 5 20 23 16 16 6 29 8 2 10 17 18 19 24 35 
28 14 0 23 25 6 12 34 24 24 15 16 34 21 12 20 9 29 5 39 23 
5 22 23 0 47 24 17 26 1 10 8 15 11 19 22 14 32 19 28 36 26 
50 27 25 47 0 22 30 44 48 43 39 33 56 35 26 37 15 45 23 44 45 
28 9 6 24 22 0 8 29 25 22 16 12 34 17 7 17 9 26 10 33 28 
20 5 12 17 30 8 0 21 19 13 11 4 26 9 4 8 17 17 17 27 30 
24 20 34 26 44 29 21 0 28 16 27 18 25 12 22 15 37 7 39 9 49 
6 23 24 1 48 25 19 28 0 11 9 17 11 21 23 16 33 20 29 37 25 
8 16 24 10 43 22 13 16 11 0 12 10 12 10 17 6 31 9 30 25 34 
13 16 15 8 39 16 11 27 9 12 0 11 19 17 15 12 24 20 20 35 22 
17 6 16 15 33 12 4 18 17 10 11 0 22 6 7 4 21 13 21 25 32 
6 29 34 11 56 34 26 25 11 12 19 22 0 23 29 19 42 17 39 35 36 
19 8 21 19 35 17 9 12 21 10 17 6 23 0 10 5 26 9 27 18 38 
24 2 12 22 26 7 4 22 23 17 15 7 29 10 0 11 15 19 17 26 33 
14 10 20 14 37 17 8 15 16 6 12 4 19 5 11 0 26 9 26 23 34 
36 17 9 32 15 9 17 37 33 31 24 21 42 26 15 26 0 35 8 40 30 
16 18 29 19 45 26 17 7 20 9 20 13 17 9 19 9 35 0 35 17 43 
33 19 5 28 23 10 17 39 29 30 20 21 39 27 17 26 8 35 0 44 22 
33 24 39 36 44 33 27 9 37 25 35 25 35 18 26 23 40 17 44 0 57 
31 35 23 26 45 28 30 49 25 34 22 32 36 38 33 34 30 43 22 57 0 
0 315
0 157
146 303
42 199
116 273
3 160
7 164
143 300
17 174
138 295
68 225
103 260
93 250
132 289
21 178
115 272
81 238
95 252
33 190
128 285
43 200
