21
0 28 19 26 13 31 14 7 26 14 11 28 36 29 34 30 29 28 20 30 27 
28 0 13 26 28 21 14 23 5 33 32 33 7 15 28 1 2 7 39 20 6 
19 13 0 15 15 14 7 16 9 29 19 21 20 24 35 15 15 17 25 13 9 
26 26 15 0 14 10 21 27 21 39 19 6 31 39 50 28 29 32 19 9 20 
13 28 15 14 0 22 16 17 24 27 5 15 35 35 43 30 30 31 11 21 24 
31 21 14 10 22 0 21 31 16 43 27 16 23 35 48 22 23 27 29 1 15 
14 14 7 21 16 21 0 10 11 22 19 26 21 19 29 16 15 15 27 20 12 
7 23 16 27 17 31 10 0 21 12 17 31 30 22 27 25 24 22 26 29 23 
26 5 9 21 24 16 11 21 0 33 28 28 10 19 31 6 7 11 34 15 1 
14 33 29 39 27 43 22 12 33 0 25 42 40 27 26 35 33 30 34 42 34 
11 32 19 19 5 27 19 17 28 25 0 19 39 38 45 34 34 34 9 26 28 
28 33 21 6 15 16 26 31 28 42 19 0 37 45 55 35 35 38 16 15 27 
36 7 20 31 35 23 21 30 10 40 39 37 0 18 32 5 7 11 45 22 10 
29 15 24 39 35 35 19 22 19 27 38 45 18 0 13 14 13 8 46 34 20 
34 28 35 50 43 48 29 27 31 26 45 55 32 13 0 28 26 21 54 47 33 
30 1 15 28 30 22 16 25 6 35 34 35 5 14 28 0 1 6 41 21 7 
29 2 15 29 30 23 15 24 7 33 34 35 7 13 26 1 0 5 41 22 8 
28 7 17 32 31 27 15 22 11 30 34 38 11 8 21 6 5 0 42 26 12 
20 39 25 19 11 29 27 26 34 34 9 16 45 46 54 41 41 42 0 28 34 
30 20 13 9 21 1 20 29 15 42 26 15 22 34 47 21 22 26 28 0 14 
27 6 9 20 24 15 12 23 1 34 28 27 10 20 33 7 8 12 34 14 0 
0 385
296 373
111 188
50 127
178 255
135 212
229 306
279 356
171 248
30 107
20 97
231 308
26 103
145 222
19 96
180 257
115 192
198 275
103 180
268 345
162 239
