21
0 38 28 15 9 29 32 25 32 32 29 41 32 30 3 28 41 20 26 40 29 
38 0 13 23 36 9 21 15 20 18 25 6 30 20 41 32 10 26 12 14 9 
28 13 0 16 29 8 10 2 24 8 13 19 32 9 31 32 22 23 8 24 3 
15 23 16 0 13 14 25 14 18 24 25 26 21 23 18 19 26 8 12 24 17 
9 36 29 13 0 27 35 26 26 35 34 39 24 34 10 20 38 13 25 35 30 
29 9 8 14 27 0 18 9 16 17 21 13 25 17 32 25 14 18 2 15 5 
32 21 10 25 35 18 0 11 35 2 4 27 42 1 35 42 31 33 18 33 13 
25 15 2 14 26 9 11 0 24 9 12 21 31 9 28 31 23 22 8 25 5 
32 20 24 18 26 16 35 24 0 33 37 17 10 33 35 13 14 13 16 10 21 
32 18 8 24 35 17 2 9 33 0 7 25 41 2 35 41 28 32 16 31 11 
29 25 13 25 34 21 4 12 37 7 0 31 44 4 32 43 34 33 20 37 16 
41 6 19 26 39 13 27 21 17 25 31 0 27 26 45 30 4 27 15 9 15 
32 30 32 21 24 25 42 31 10 41 44 27 0 41 34 4 24 13 24 19 30 
30 20 9 23 34 17 1 9 33 2 4 26 41 0 34 41 30 31 17 32 12 
3 41 31 18 10 32 35 28 35 35 32 45 34 34 0 30 45 22 29 43 33 
28 32 32 19 20 25 42 31 13 41 43 30 4 41 30 0 27 10 24 23 31 
41 10 22 26 38 14 31 23 14 28 34 4 24 30 45 27 0 25 17 5 18 
20 26 23 8 13 18 33 22 13 32 33 27 13 31 22 10 25 0 16 22 22 
26 12 8 12 25 2 18 8 16 16 20 15 24 17 29 24 17 16 0 17 6 
40 14 24 24 35 15 33 25 10 31 37 9 19 32 43 23 5 22 17 0 20 
29 9 3 17 30 5 13 5 21 11 16 15 30 12 33 31 18 22 6 20 0 
0 490
434 434
237 237
44 44
75 75
97 97
425 425
484 484
200 200
196 196
410 410
164 164
2 2
53 53
165 165
96 96
340 340
463 463
318 318
4 4
243 243
