21
0 19 33 29 38 27 32 17 8 9 19 37 20 33 22 17 27 23 27 35 20 
19 0 26 21 41 37 13 10 26 27 26 34 7 26 11 4 43 3 32 41 17 
33 26 0 5 21 27 22 36 34 43 49 8 18 0 15 22 39 25 18 25 12 
29 21 5 0 24 27 18 30 31 39 44 13 13 5 10 17 38 20 19 27 8 
38 41 21 24 0 14 42 48 34 46 57 13 34 20 31 36 27 42 10 7 24 
27 37 27 27 14 0 43 42 22 33 46 23 32 26 30 32 13 39 8 8 22 
32 13 22 18 42 43 0 23 38 41 40 31 12 23 12 15 52 10 36 45 21 
17 10 36 30 48 42 23 0 25 22 16 43 17 36 20 13 44 13 38 47 25 
8 26 34 31 34 22 38 25 0 11 24 36 26 34 27 23 19 30 24 30 22 
9 27 43 39 46 33 41 22 11 0 14 46 30 43 32 26 29 31 35 41 30 
19 26 49 44 57 46 40 16 24 14 0 54 32 49 35 28 44 29 46 54 37 
37 34 8 13 13 23 31 43 36 46 54 0 26 8 23 29 36 33 15 19 17 
20 7 18 13 34 32 12 17 26 30 32 26 0 18 3 4 39 7 26 35 10 
33 26 0 5 20 26 23 36 34 43 49 8 18 0 15 22 39 26 18 25 12 
22 11 15 10 31 30 12 20 27 32 35 23 3 15 0 7 39 10 24 33 8 
17 4 22 17 36 32 15 13 23 26 28 29 4 22 7 0 39 6 27 37 12 
27 43 39 38 27 13 52 44 19 29 44 36 39 39 39 39 0 46 21 20 31 
23 3 25 20 42 39 10 13 30 31 29 33 7 26 10 6 46 0 33 43 18 
27 32 18 19 10 8 36 38 24 35 46 15 26 18 24 27 21 33 0 9 15 
35 41 25 27 7 8 45 47 30 41 54 19 35 25 33 37 20 43 9 0 25 
20 17 12 8 24 22 21 25 22 30 37 17 10 12 8 12 31 18 15 25 0 
0 245
26 148
87 209
5 127
107 229
39 161
1 123
13 135
8 130
114 236
52 174
95 217
101 223
112 234
38 160
27 149
92 214
120 242
7 129
7 129
94 216
