21
0 34 42 54 38 9 61 12 56 35 28 4 19 56 23 18 54 16 46 27 30 
34 0 9 19 22 25 27 25 25 9 7 36 16 21 11 23 19 29 20 16 20 
42 9 0 14 19 34 18 35 15 18 17 43 23 13 21 28 12 34 25 26 20 
54 19 14 0 33 45 11 44 18 21 26 55 35 8 30 42 4 48 21 32 34 
38 22 19 33 0 33 33 36 24 32 26 36 23 29 26 19 30 23 43 36 7 
9 25 34 45 33 0 53 5 49 25 19 12 10 47 14 15 45 16 37 18 25 
61 27 18 11 33 53 0 53 11 32 35 62 42 5 39 47 8 52 33 42 37 
12 25 35 44 36 5 53 0 50 24 18 16 13 47 14 19 45 21 34 15 29 
56 25 15 18 24 49 11 50 0 33 33 56 38 10 36 40 14 45 38 42 29 
35 9 18 21 32 25 32 24 33 0 8 37 19 26 12 29 23 34 12 10 28 
28 7 17 26 26 19 35 18 33 8 0 30 10 29 4 20 26 26 21 10 21 
4 36 43 55 36 12 62 16 56 37 30 0 20 56 25 16 55 13 49 30 29 
19 16 23 35 23 10 42 13 38 19 10 20 0 37 7 10 35 15 31 15 16 
56 21 13 8 29 47 5 47 10 26 29 56 37 0 33 41 3 47 29 37 32 
23 11 21 30 26 14 39 14 36 12 4 25 7 33 0 17 31 22 24 9 21 
18 23 28 42 19 15 47 19 40 29 20 16 10 41 17 0 41 5 42 26 12 
54 19 12 4 30 45 8 45 14 23 26 55 35 3 31 41 0 46 25 34 32 
16 29 34 48 23 16 52 21 45 34 26 13 15 47 22 5 46 0 47 31 16 
46 20 25 21 43 37 33 34 38 12 21 49 31 29 24 42 25 47 0 19 40 
27 16 26 32 36 18 42 15 42 10 10 30 15 37 9 26 34 31 19 0 30 
30 20 20 34 7 25 37 29 29 28 21 29 16 32 21 12 32 16 40 30 0 
0 525
37 194
142 299
57 214
312 469
277 434
184 341
150 307
255 412
116 273
146 303
81 238
51 208
314 471
233 390
61 218
147 304
148 305
47 204
278 435
204 361
