21
0 14 23 16 27 11 15 26 35 10 17 19 33 17 14 21 18 20 27 20 12 
14 0 34 21 16 17 12 15 28 23 20 6 40 27 20 7 5 11 16 9 1 
23 34 0 16 50 33 38 49 58 23 39 40 47 33 15 41 37 34 50 42 33 
16 21 16 0 38 28 30 37 49 23 34 27 49 33 2 26 22 18 38 31 20 
27 16 50 38 0 22 14 1 13 33 21 11 39 32 37 14 17 25 0 7 18 
11 17 33 28 22 0 8 22 26 11 5 19 23 10 26 23 23 27 23 17 16 
15 12 38 30 14 8 0 13 19 19 8 13 28 17 28 17 18 24 14 9 13 
26 15 49 37 1 22 13 0 15 32 21 10 39 31 36 12 16 23 1 6 16 
35 28 58 49 13 26 19 15 0 37 21 24 34 32 47 27 31 38 14 19 29 
10 23 23 23 33 11 19 32 37 0 16 28 25 10 21 30 28 30 33 27 22 
17 20 39 34 21 5 8 21 21 16 0 21 19 11 31 25 26 31 21 17 20 
19 6 40 27 11 19 13 10 24 28 21 0 41 30 26 3 6 13 11 5 7 
33 40 47 49 39 23 28 39 34 25 19 41 0 15 46 45 45 50 40 37 39 
17 27 33 33 32 10 17 31 32 10 11 30 15 0 31 33 33 37 32 27 26 
14 20 15 2 37 26 28 36 47 21 31 26 46 31 0 26 22 19 37 30 19 
21 7 41 26 14 23 17 12 27 30 25 3 45 33 26 0 4 11 13 9 8 
18 5 37 22 17 23 18 16 31 28 26 6 45 33 22 4 0 7 17 12 6 
20 11 34 18 25 27 24 23 38 30 31 13 50 37 19 11 7 0 24 19 11 
27 16 50 38 0 23 14 1 14 33 21 11 40 32 37 13 17 24 0 7 17 
20 9 42 31 7 17 9 6 19 27 17 5 37 27 30 9 12 19 7 0 10 
12 1 33 20 18 16 13 16 29 22 20 7 39 26 19 8 6 11 17 10 0 
0 280
158 158
4 4
98 98
116 116
53 53
81 81
45 45
243 243
110 110
4 4
12 12
216 216
213 213
204 204
172 172
115 115
2 2
46 46
29 29
131 131
