21
0 20 46 41 30 29 39 7 38 50 47 45 23 42 5 37 19 59 20 40 40 
20 0 26 44 11 9 41 12 25 41 49 31 4 37 15 28 23 48 10 29 25 
46 26 0 58 16 17 54 38 26 41 61 27 23 44 41 32 43 42 29 31 22 
41 44 58 0 44 46 4 39 33 26 6 36 43 16 39 26 23 37 34 29 38 
30 11 16 44 0 3 40 23 17 34 48 22 7 33 25 22 27 39 13 22 15 
29 9 17 46 3 0 42 21 20 37 50 25 5 35 23 24 27 42 13 25 19 
39 41 54 4 40 42 0 36 28 23 8 31 39 12 37 21 20 34 30 24 33 
7 12 38 39 23 21 36 0 31 44 45 38 15 37 2 31 16 53 12 34 33 
38 25 26 33 17 20 28 31 0 17 35 7 21 18 33 7 25 23 18 5 4 
50 41 41 26 34 37 23 44 17 0 25 14 38 10 45 13 32 11 32 12 20 
47 49 61 6 48 50 8 45 35 25 0 37 47 17 45 28 28 36 39 30 39 
45 31 27 36 22 25 31 38 7 14 37 0 27 19 40 10 31 16 25 7 6 
23 4 23 43 7 5 39 15 21 38 47 27 0 34 17 24 22 44 8 25 21 
42 37 44 16 33 35 12 37 18 10 17 19 34 0 38 11 23 22 27 13 22 
5 15 41 39 25 23 37 2 33 45 45 40 17 38 0 32 16 54 14 35 35 
37 28 32 26 22 24 21 31 7 13 28 10 24 11 32 0 21 22 19 3 11 
19 23 43 23 27 27 20 16 25 32 28 31 22 23 16 21 0 43 14 25 29 
59 48 42 37 39 42 34 53 23 11 36 16 44 22 54 22 43 0 41 19 23 
20 10 29 34 13 13 30 12 18 32 39 25 8 27 14 19 14 41 0 21 20 
40 29 31 29 22 25 24 34 5 12 30 7 25 13 35 3 25 19 21 0 9 
40 25 22 38 15 19 33 33 4 20 39 6 21 22 35 11 29 23 20 9 0 
0 403
216 216
398 398
395 395
402 402
355 355
124 124
179 179
106 106
328 328
202 202
349 349
79 79
321 321
347 347
361 361
324 324
99 99
51 51
321 321
370 370
