21
0 8 8 52 31 33 38 24 16 32 5 45 39 27 38 20 28 39 36 46 25 
8 0 3 60 33 41 47 30 23 36 13 53 48 30 45 28 36 47 43 55 34 
8 3 0 60 35 39 46 31 24 38 13 53 47 32 46 26 33 45 44 54 33 
52 60 60 0 45 32 15 34 36 38 47 7 14 44 20 40 46 39 21 12 26 
31 33 35 45 0 48 40 15 23 7 27 40 41 3 25 41 52 58 24 48 30 
33 41 39 32 48 0 18 33 26 44 30 27 18 45 34 13 13 9 33 21 18 
38 47 46 15 40 18 0 26 24 34 34 8 1 38 18 25 31 26 19 8 13 
24 30 31 34 15 33 26 0 10 10 19 27 27 12 15 28 39 43 13 33 15 
16 23 24 36 23 26 24 10 0 21 10 29 25 20 22 18 29 35 20 32 11 
32 36 38 38 7 44 34 10 21 0 27 33 35 7 18 39 50 53 16 41 25 
5 13 13 47 27 30 34 19 10 27 0 40 35 23 33 18 28 37 31 42 20 
45 53 53 7 40 27 8 27 29 33 40 0 8 39 15 34 40 35 16 10 19 
39 48 47 14 41 18 1 27 25 35 35 8 0 39 19 26 31 26 20 7 14 
27 30 32 44 3 45 38 12 20 7 23 39 39 0 25 38 49 54 23 46 27 
38 45 46 20 25 34 18 15 22 18 33 15 19 25 0 35 44 43 2 24 18 
20 28 26 40 41 13 25 28 18 39 18 34 26 38 35 0 11 19 34 31 17 
28 36 33 46 52 13 31 39 29 50 28 40 31 49 44 11 0 12 43 35 26 
39 47 45 39 58 9 26 43 35 53 37 35 26 54 43 19 12 0 43 27 28 
36 43 44 21 24 33 19 13 20 16 31 16 20 23 2 34 43 43 0 25 17 
46 55 54 12 48 21 8 33 32 41 42 10 7 46 24 31 35 27 25 0 21 
25 34 33 26 30 18 13 15 11 25 20 19 14 27 18 17 26 28 17 21 0 
0 280
73 213
32 172
22 162
78 218
20 160
86 226
91 231
107 247
51 191
7 147
117 257
13 153
130 270
101 241
95 235
69 209
59 199
120 260
83 223
87 227
