21
0 6 24 12 4 26 33 20 30 40 31 8 8 39 32 33 33 37 14 5 28 
6 0 30 13 11 31 39 26 35 45 34 11 11 44 38 39 39 42 17 2 34 
24 30 0 32 20 23 11 15 27 15 37 26 27 15 7 23 18 16 28 29 21 
12 13 32 0 12 23 38 21 26 48 22 6 4 47 39 32 35 47 6 15 26 
4 11 20 12 0 21 28 15 26 36 27 6 8 35 28 29 28 34 12 10 23 
26 31 23 23 21 0 21 8 5 35 14 20 21 36 26 9 14 39 16 31 4 
33 39 11 38 28 21 0 16 23 15 35 32 34 16 7 16 9 21 32 38 17 
20 26 15 21 15 8 16 0 13 29 21 16 18 29 20 13 13 32 15 26 8 
30 35 27 26 26 5 23 13 0 39 12 24 25 39 29 8 15 43 19 36 6 
40 45 15 48 36 35 15 29 39 0 50 42 43 2 9 32 24 9 44 44 32 
31 34 37 22 27 14 35 21 12 50 0 23 23 50 40 21 27 53 17 35 18 
8 11 26 6 6 20 32 16 24 42 23 0 1 41 33 28 30 41 6 12 23 
8 11 27 4 8 21 34 18 25 43 23 1 0 43 35 30 32 42 6 12 24 
39 44 15 47 35 36 16 29 39 2 50 41 43 0 9 33 25 7 43 43 33 
32 38 7 39 28 26 7 20 29 9 40 33 35 9 0 23 16 14 34 37 23 
33 39 23 32 29 9 16 13 8 32 21 28 30 33 23 0 7 38 25 39 5 
33 39 18 35 28 14 9 13 15 24 27 30 32 25 16 7 0 30 28 39 10 
37 42 16 47 34 39 21 32 43 9 53 41 42 7 14 38 30 0 44 40 37 
14 17 28 6 12 16 32 15 19 44 17 6 6 43 34 25 28 44 0 18 20 
5 2 29 15 10 31 38 26 36 44 35 12 12 43 37 39 39 40 18 0 34 
28 34 21 26 23 4 17 8 6 32 18 23 24 33 23 5 10 37 20 34 0 
0 192
124 124
132 132
29 29
2 2
23 23
133 133
147 147
77 77
97 97
158 158
135 135
53 53
87 87
30 30
129 129
151 151
146 146
54 54
107 107
64 64
