21
0 43 43 33 47 29 24 56 50 5 22 20 54 48 27 28 57 12 33 48 44 
43 0 19 10 19 16 20 28 24 43 39 28 22 19 27 22 23 30 31 25 31 
43 19 0 20 38 15 29 47 42 41 49 37 41 5 39 35 42 31 45 44 49 
33 10 20 0 21 9 10 31 26 33 30 19 27 23 19 14 29 20 25 26 29 
47 19 38 21 0 31 24 9 4 50 34 27 6 39 22 19 10 37 20 6 14 
29 16 15 9 31 0 15 41 35 28 34 22 36 19 25 21 38 17 32 35 38 
24 20 29 10 24 15 0 33 27 26 19 8 30 33 10 7 33 13 17 26 25 
56 28 47 31 9 41 33 0 5 58 39 35 6 47 29 27 8 46 25 8 15 
50 24 42 26 4 35 27 5 0 53 35 30 5 43 24 22 9 41 21 4 12 
5 43 41 33 50 28 26 58 53 0 27 23 56 47 30 31 59 13 37 51 48 
22 39 49 30 34 34 19 39 35 27 0 11 40 53 12 17 44 22 14 31 25 
20 28 37 19 27 22 8 35 30 23 11 0 34 41 6 8 38 14 14 27 24 
54 22 41 27 6 36 30 6 5 56 40 34 0 41 28 26 3 44 26 10 18 
48 19 5 23 39 19 33 47 43 47 53 41 41 0 42 38 41 36 48 45 50 
27 27 39 19 22 25 10 29 24 30 12 6 28 42 0 4 32 20 7 21 17 
28 22 35 14 19 21 7 27 22 31 17 8 26 38 4 0 29 19 10 19 18 
57 23 42 29 10 38 33 8 9 59 44 38 3 41 32 29 0 47 30 13 22 
12 30 31 20 37 17 13 46 41 13 22 14 44 36 20 19 47 0 28 39 37 
33 31 45 25 20 32 17 25 21 37 14 14 26 48 7 10 30 28 0 17 11 
48 25 44 26 6 35 26 8 4 51 31 27 10 45 21 19 13 39 17 0 8 
44 31 49 29 14 38 25 15 12 48 25 24 18 50 17 18 22 37 11 8 0 
0 368
54 164
46 156
137 247
82 192
152 262
220 330
223 333
222 332
256 366
189 299
191 301
168 278
135 245
91 201
63 173
179 289
232 342
16 126
180 290
199 309
