21
0 50 27 18 18 14 40 52 15 21 8 33 29 24 24 50 29 24 26 12 18 
50 0 51 46 45 46 15 2 39 31 49 39 46 29 33 41 24 53 24 38 47 
27 51 0 43 43 40 48 52 35 23 35 14 5 23 18 28 26 5 34 26 43 
18 46 43 0 1 4 32 48 9 27 11 45 44 30 33 60 33 41 24 18 1 
18 45 43 1 0 3 31 47 8 26 11 44 43 29 32 59 32 41 22 17 2 
14 46 40 4 3 0 33 48 7 24 7 42 40 28 30 58 31 37 23 15 3 
40 15 48 32 31 33 0 17 27 25 38 40 45 25 30 48 22 50 14 29 33 
52 2 52 48 47 48 17 0 41 33 52 40 47 31 35 42 26 55 26 40 49 
15 39 35 9 8 7 27 41 0 17 10 36 35 21 23 51 23 34 15 9 10 
21 31 23 27 26 24 25 33 17 0 24 18 20 3 6 33 7 24 11 10 28 
8 49 35 11 11 7 38 52 10 24 0 39 36 27 28 55 31 32 25 13 10 
33 39 14 45 44 42 40 40 36 18 39 0 8 16 12 16 17 18 28 26 45 
29 46 5 44 43 40 45 47 35 20 36 8 0 19 14 23 22 10 32 25 44 
24 29 23 30 29 28 25 31 21 3 27 16 19 0 5 30 4 24 12 13 31 
24 33 18 33 32 30 30 35 23 6 28 12 14 5 0 27 8 20 17 15 33 
50 41 28 60 59 58 48 42 51 33 55 16 23 30 27 0 29 33 40 42 61 
29 24 26 33 32 31 22 26 23 7 31 17 22 4 8 29 0 29 11 17 34 
24 53 5 41 41 37 50 55 34 24 32 18 10 24 20 33 29 0 35 25 41 
26 24 34 24 22 23 14 26 15 11 25 28 32 12 17 40 11 35 0 15 25 
12 38 26 18 17 15 29 40 9 10 13 26 25 13 15 42 17 25 15 0 18 
18 47 43 1 2 3 33 49 10 28 10 45 44 31 33 61 34 41 25 18 0 
0 455
250 341
221 312
96 187
38 129
186 277
243 334
312 403
60 151
191 282
10 101
337 428
121 212
129 220
111 202
359 450
248 339
253 344
182 273
154 245
40 131
