21
0 21 18 16 29 22 40 21 7 26 17 29 10 12 14 39 37 20 30 3 13 
21 0 27 25 36 2 23 27 25 23 17 38 13 12 28 19 18 21 36 18 11 
18 27 0 34 11 26 34 3 13 14 33 11 15 15 32 45 34 9 11 15 15 
16 25 34 0 45 27 48 37 23 40 9 46 22 23 5 38 43 34 46 18 25 
29 36 11 45 0 34 35 9 23 15 44 3 25 25 44 52 38 15 0 27 25 
22 2 26 27 34 0 21 26 26 21 20 36 13 12 30 19 16 19 34 19 11 
40 23 34 48 35 21 0 31 40 20 41 38 29 27 50 26 7 24 35 36 26 
21 27 3 37 9 26 31 0 16 11 35 10 16 16 35 45 33 7 9 18 16 
7 25 13 23 23 26 40 16 0 24 24 23 12 14 20 44 39 17 24 7 15 
26 23 14 40 15 21 20 11 24 0 36 18 17 16 40 37 23 6 15 22 15 
17 17 33 9 44 20 41 35 24 36 0 45 19 19 13 29 35 31 44 18 20 
29 38 11 46 3 36 38 10 23 18 45 0 27 27 43 55 41 17 3 27 26 
10 13 15 22 25 13 29 16 12 17 19 27 0 1 23 32 26 12 25 7 3 
12 12 15 23 25 12 27 16 14 16 19 27 1 0 24 31 25 11 25 8 1 
14 28 32 5 44 30 50 35 20 40 13 43 23 24 0 43 46 34 44 17 25 
39 19 45 38 52 19 26 45 44 37 29 55 32 31 43 0 18 37 52 37 30 
37 18 34 43 38 16 7 33 39 23 35 41 26 25 46 18 0 25 38 33 24 
20 21 9 34 15 19 24 7 17 6 31 17 12 11 34 37 25 0 15 16 10 
30 36 11 46 0 34 35 9 24 15 44 3 25 25 44 52 38 15 0 27 25 
3 18 15 18 27 19 36 18 7 22 18 27 7 8 17 37 33 16 27 0 10 
13 11 15 25 25 11 26 16 15 15 20 26 3 1 25 30 24 10 25 10 0 
0 192
130 187
100 157
54 111
110 167
122 179
49 106
34 91
98 155
50 107
17 74
48 105
53 110
4 61
127 184
58 115
69 126
80 137
30 87
78 135
95 152
