21
0 39 39 42 26 58 39 12 39 38 40 28 28 24 30 53 0 33 52 25 26 
39 0 32 31 13 28 15 27 12 12 24 25 19 19 25 23 39 16 20 27 21 
39 32 0 4 32 26 45 29 20 20 9 12 16 39 10 23 40 43 26 13 43 
42 31 4 0 33 22 45 31 18 19 6 14 17 40 12 19 43 43 23 16 43 
26 13 32 33 0 38 15 16 19 18 27 21 16 7 23 33 26 11 30 22 10 
58 28 26 22 38 0 43 45 19 20 19 32 30 46 29 5 58 44 8 34 48 
39 15 45 45 15 43 0 30 27 26 38 36 30 14 37 39 38 5 35 37 12 
12 27 29 31 16 45 30 0 26 25 28 16 15 17 19 40 13 25 40 15 20 
39 12 20 18 19 19 27 26 0 0 11 16 12 26 15 14 39 27 13 18 29 
38 12 20 19 18 20 26 25 0 0 12 16 12 25 15 15 39 26 14 18 28 
40 24 9 6 27 19 38 28 11 12 0 12 13 34 10 15 41 37 18 15 38 
28 25 12 14 21 32 36 16 16 16 12 0 5 27 2 27 28 33 28 2 31 
28 19 16 17 16 30 30 15 12 12 13 5 0 23 6 25 28 27 25 7 26 
24 19 39 40 7 46 14 17 26 25 34 27 23 0 29 41 24 8 38 28 3 
30 25 10 12 23 29 37 19 15 15 10 2 6 29 0 25 31 34 26 4 33 
53 23 23 19 33 5 39 40 14 15 15 27 25 41 25 0 53 40 5 30 43 
0 39 40 43 26 58 38 13 39 39 41 28 28 24 31 53 0 33 53 26 26 
33 16 43 43 11 44 5 25 27 26 37 33 27 8 34 40 33 0 36 33 7 
52 20 26 23 30 8 35 40 13 14 18 28 25 38 26 5 53 36 0 31 40 
25 27 13 16 22 34 37 15 18 18 15 2 7 28 4 30 26 33 31 0 31 
26 21 43 43 10 48 12 20 29 28 38 31 26 3 33 43 26 7 40 31 0 
0 210
64 85
138 159
51 72
90 111
9 30
90 111
9 30
169 190
50 71
47 68
142 163
84 105
180 201
176 197
133 154
37 58
110 131
13 34
62 83
21 42
