21
0 46 38 32 45 41 39 40 14 37 25 37 36 41 20 38 25 25 17 50 53 
46 0 56 23 4 53 6 39 39 10 30 18 27 5 30 22 21 50 28 25 34 
38 56 0 33 58 6 50 19 27 46 27 38 30 55 30 34 38 14 37 41 36 
32 23 33 0 25 30 17 18 20 12 8 6 6 22 12 5 9 28 16 18 22 
45 4 58 25 0 55 7 42 39 12 31 21 29 3 31 25 22 52 28 29 38 
41 53 6 30 55 0 47 14 28 42 25 34 26 52 29 30 36 17 36 36 30 
39 6 50 17 7 47 0 34 32 4 23 13 22 4 23 18 15 44 22 24 32 
40 39 19 18 42 14 34 0 25 30 17 21 12 39 22 16 26 23 29 21 17 
14 39 27 20 39 28 32 25 0 28 11 26 23 35 8 25 17 14 12 37 39 
37 10 46 12 12 42 4 30 28 0 19 8 17 9 20 13 11 39 19 20 28 
25 30 27 8 31 25 23 17 11 19 0 14 11 28 5 13 10 20 12 25 27 
37 18 38 6 21 34 13 21 26 8 14 0 8 18 17 4 12 34 20 14 20 
36 27 30 6 29 26 22 12 23 17 11 8 0 27 16 4 16 28 22 14 16 
41 5 55 22 3 52 4 39 35 9 28 18 27 0 27 23 18 48 24 28 37 
20 30 30 12 31 29 23 22 8 20 5 17 16 27 0 17 9 20 7 30 32 
38 22 34 5 25 30 18 16 25 13 13 4 4 23 17 0 15 32 22 12 16 
25 21 38 9 22 36 15 26 17 11 10 12 16 18 9 15 0 29 8 26 32 
25 50 14 28 52 17 44 23 14 39 20 34 28 48 20 32 29 0 26 42 39 
17 28 37 16 28 36 22 29 12 19 12 20 22 24 7 22 8 26 0 34 38 
50 25 41 18 29 36 24 21 37 20 25 14 14 28 30 12 26 42 34 0 9 
53 34 36 22 38 30 32 17 39 28 27 20 16 37 32 16 32 39 38 9 0 
0 280
45 101
67 123
175 231
133 189
157 213
59 115
71 127
156 212
101 157
72 128
35 91
206 262
163 219
80 136
145 201
89 145
168 224
60 116
11 67
138 194
