21
0 13 27 41 43 23 27 39 38 24 7 15 50 26 24 29 44 35 32 20 27 
13 0 17 33 43 32 33 35 38 10 20 15 43 12 27 27 37 26 26 13 13 
27 17 0 15 31 35 32 21 28 13 33 16 25 14 23 16 19 9 10 6 12 
41 33 15 0 26 43 37 14 25 27 46 27 9 28 28 19 4 6 10 21 25 
43 43 31 26 0 30 22 11 5 44 43 28 27 45 19 16 23 27 21 31 44 
23 32 35 43 30 0 8 32 25 40 19 19 49 42 14 24 43 38 32 29 42 
27 33 32 37 22 8 0 25 17 39 25 18 42 41 9 18 37 33 27 27 41 
39 35 21 14 11 32 25 0 10 34 41 23 17 35 18 10 12 15 10 22 33 
38 38 28 25 5 25 17 10 0 40 38 23 27 41 13 11 23 24 18 27 40 
24 10 13 27 44 40 39 34 40 0 31 21 37 2 31 28 31 21 23 13 3 
7 20 33 46 43 19 25 41 38 31 0 18 55 33 24 31 48 40 36 26 34 
15 15 16 27 28 19 18 23 23 21 18 0 36 23 11 13 29 21 17 9 22 
50 43 25 9 27 49 42 17 27 37 55 36 0 37 34 25 6 16 18 30 35 
26 12 14 28 45 42 41 35 41 2 33 23 37 0 33 29 32 22 24 14 2 
24 27 23 28 19 14 9 18 13 31 24 11 34 33 0 9 28 24 17 18 32 
29 27 16 19 16 24 18 10 11 28 31 13 25 29 9 0 19 15 8 15 28 
44 37 19 4 23 43 37 12 23 31 48 29 6 32 28 19 0 10 12 24 30 
35 26 9 6 27 38 33 15 24 21 40 21 16 22 24 15 10 0 6 14 20 
32 26 10 10 21 32 27 10 18 23 36 17 18 24 17 8 12 6 0 13 23 
20 13 6 21 31 29 27 22 27 13 26 9 30 14 18 15 24 14 13 0 13 
27 13 12 25 44 42 41 33 40 3 34 22 35 2 32 28 30 20 23 13 0 
0 280
187 271
87 171
25 109
8 92
65 149
164 248
140 224
193 277
141 225
142 226
120 204
59 143
4 88
77 161
188 272
140 224
47 131
145 229
20 104
52 136
