21
0 55 29 15 47 30 34 33 27 39 21 26 9 38 26 45 16 34 42 14 39 
55 0 26 47 25 24 21 27 45 18 35 43 51 17 41 13 42 23 14 46 17 
29 26 0 25 21 2 10 8 22 16 8 19 24 13 25 20 20 13 13 24 10 
15 47 25 0 46 26 25 33 35 28 21 34 21 29 10 35 5 24 38 1 34 
47 25 21 46 0 21 26 13 26 29 26 25 39 26 46 29 41 30 13 45 14 
30 24 2 26 21 0 8 9 24 13 10 22 26 11 25 18 20 11 12 25 8 
34 21 10 25 26 8 0 17 32 5 16 30 31 4 21 11 20 4 14 24 11 
33 27 8 33 13 9 17 0 18 22 12 16 26 19 34 25 27 21 12 32 9 
27 45 22 35 26 24 32 18 0 38 17 2 18 36 41 42 31 35 30 34 27 
39 18 16 28 29 13 5 22 38 0 22 36 37 2 22 6 24 4 16 28 14 
21 35 8 21 26 10 16 12 17 22 0 15 15 21 25 28 16 19 22 20 18 
26 43 19 34 25 22 30 16 2 36 15 0 17 33 39 40 29 33 28 32 25 
9 51 24 21 39 26 31 26 18 37 15 17 0 36 30 43 19 32 37 20 34 
38 17 13 29 26 11 4 19 36 2 21 33 36 0 24 7 24 5 13 29 12 
26 41 25 10 46 25 21 34 41 22 25 39 30 24 0 28 11 18 35 11 32 
45 13 20 35 29 18 11 25 42 6 28 40 43 7 28 0 31 11 16 35 16 
16 42 20 5 41 20 20 27 31 24 16 29 19 24 11 31 0 19 32 4 29 
34 23 13 24 30 11 4 21 35 4 19 33 32 5 18 11 19 0 18 23 15 
42 14 13 38 13 12 14 12 30 16 22 28 37 13 35 16 32 18 0 37 3 
14 46 24 1 45 25 24 32 34 28 20 32 20 29 11 35 4 23 37 0 33 
39 17 10 34 14 8 11 9 27 14 18 25 34 12 32 16 29 15 3 33 0 
0 508
353 505
354 506
217 369
16 168
324 476
263 415
287 439
244 396
171 323
39 191
334 486
122 274
321 473
149 301
206 358
235 387
137 289
60 212
311 463
291 443
