21
0 7 36 21 18 10 4 25 20 17 11 12 8 9 5 19 14 43 15 21 13 
7 0 38 14 24 14 3 18 27 16 4 7 11 2 2 14 20 43 21 18 10 
36 38 0 45 47 26 35 41 45 23 42 34 28 39 39 33 44 11 48 26 30 
21 14 45 0 38 26 17 7 42 21 11 12 23 12 16 11 34 46 34 19 16 
18 24 47 38 0 24 23 43 6 35 27 31 24 26 22 38 4 56 4 39 31 
10 14 26 26 24 0 11 27 23 12 18 14 3 16 14 19 19 33 23 17 12 
4 3 35 17 23 11 0 21 25 14 8 8 7 5 4 14 18 40 20 17 9 
25 18 41 7 43 27 21 0 46 19 16 13 24 17 20 8 39 40 40 15 15 
20 27 45 42 6 23 25 46 0 35 31 33 24 29 25 40 8 55 10 40 33 
17 16 23 21 35 12 14 19 35 0 19 11 11 16 18 10 30 26 33 5 6 
11 4 42 11 27 18 8 16 31 19 0 8 15 2 5 14 23 45 23 19 12 
12 7 34 12 31 14 8 13 33 11 8 0 11 6 9 6 26 37 28 11 4 
8 11 28 23 24 3 7 24 24 11 15 11 0 12 11 16 19 34 22 16 9 
9 2 39 12 26 16 5 17 29 16 2 6 12 0 3 13 22 43 23 18 10 
5 2 39 16 22 14 4 20 25 18 5 9 11 3 0 16 18 44 19 20 12 
19 14 33 11 38 19 14 8 40 10 14 6 16 13 16 0 33 34 35 7 7 
14 20 44 34 4 19 18 39 8 30 23 26 19 22 18 33 0 52 3 35 26 
43 43 11 46 56 33 40 40 55 26 45 37 34 43 44 34 52 0 56 26 33 
15 21 48 34 4 23 20 40 10 33 23 28 22 23 19 35 3 56 0 37 29 
21 18 26 19 39 17 17 15 40 5 19 11 16 18 20 7 35 26 37 0 8 
13 10 30 16 31 12 9 15 33 6 12 4 9 10 12 7 26 33 29 8 0 
0 262
258 258
155 155
175 175
238 238
136 136
203 203
162 162
154 154
240 240
192 192
249 249
110 110
87 87
145 145
236 236
113 113
125 125
199 199
101 101
129 129
