21
0 34 26 26 28 14 8 29 11 32 5 18 19 28 18 19 15 12 8 28 16 
34 0 8 9 37 31 34 25 37 22 36 52 23 22 52 48 46 35 40 23 42 
26 8 0 2 30 23 27 19 30 18 27 44 15 21 44 39 39 26 31 23 33 
26 9 2 0 28 22 29 16 31 15 27 44 14 23 45 38 40 25 31 25 33 
28 37 30 28 0 14 37 14 40 18 23 34 15 47 42 21 43 16 25 48 17 
14 31 23 22 14 0 22 17 25 20 10 24 9 35 29 16 29 4 13 36 11 
8 34 27 29 37 22 0 36 3 38 14 23 26 23 18 27 12 20 15 23 25 
29 25 19 16 14 17 36 0 39 4 27 42 10 39 47 32 45 21 30 41 26 
11 37 30 31 40 25 3 39 0 41 16 23 29 23 17 29 10 23 17 23 27 
32 22 18 15 18 20 38 4 41 0 30 45 12 39 50 36 48 25 34 40 30 
5 36 27 27 23 10 14 27 16 30 0 16 17 33 19 14 19 7 4 33 10 
18 52 44 44 34 24 23 42 23 45 16 0 33 45 10 13 17 20 12 46 16 
19 23 15 14 15 9 26 10 29 12 17 33 0 32 37 25 35 13 21 33 19 
28 22 21 23 47 35 23 39 23 39 33 45 32 0 41 47 33 36 36 1 43 
18 52 44 45 42 29 18 47 17 50 19 10 37 41 0 23 8 26 16 40 24 
19 48 39 38 21 16 27 32 29 36 14 13 25 47 23 0 27 12 12 48 5 
15 46 39 40 43 29 12 45 10 48 19 17 35 33 8 27 0 26 17 33 27 
12 35 26 25 16 4 20 21 23 25 7 20 13 36 26 12 26 0 9 37 7 
8 40 31 31 25 13 15 30 17 34 4 12 21 36 16 12 17 9 0 36 10 
28 23 23 25 48 36 23 41 23 40 33 46 33 1 40 48 33 37 36 0 44 
16 42 33 33 17 11 25 26 27 30 10 16 19 43 24 5 27 7 10 44 0 
0 262
124 228
117 221
80 184
124 228
151 255
89 193
124 228
39 143
40 144
69 173
120 224
65 169
102 206
68 172
100 204
49 153
25 129
56 160
4 108
53 157
