21
0 41 12 29 42 33 21 41 29 40 35 23 22 10 23 35 30 35 41 32 25 
41 0 29 42 8 13 27 38 21 31 28 42 20 36 25 27 14 28 25 24 31 
12 29 0 25 31 21 10 33 21 30 25 21 10 8 16 25 18 25 30 26 22 
29 42 25 0 48 29 17 16 45 19 17 5 25 19 41 18 28 16 24 50 47 
42 8 31 48 0 20 31 46 17 39 35 47 23 39 22 34 20 35 33 18 27 
33 13 21 29 20 0 15 25 25 19 15 29 11 26 25 14 3 15 14 30 33 
21 27 10 17 31 15 0 22 28 19 14 15 8 11 24 14 13 14 20 33 32 
41 38 33 16 46 25 22 0 48 7 10 21 28 31 46 11 26 10 13 53 54 
29 21 21 45 17 25 28 48 0 43 38 42 20 30 6 37 23 38 39 4 10 
40 31 30 19 39 19 19 7 43 0 5 23 23 30 41 5 20 5 6 48 49 
35 28 25 17 35 15 14 10 38 5 0 20 18 25 36 0 15 0 6 43 44 
23 42 21 5 47 29 15 21 42 23 20 0 23 14 38 21 27 19 27 47 44 
22 20 10 25 23 11 8 28 20 23 18 23 0 16 18 18 7 18 21 25 25 
10 36 8 19 39 26 11 31 30 30 25 14 16 0 25 25 23 25 31 34 30 
23 25 16 41 22 25 24 46 6 41 36 38 18 25 0 36 22 36 38 9 7 
35 27 25 18 34 14 14 11 37 5 0 21 18 25 36 0 15 1 6 42 44 
30 14 18 28 20 3 13 26 23 20 15 27 7 23 22 15 0 16 16 27 30 
35 28 25 16 35 15 14 10 38 5 0 19 18 25 36 1 16 0 7 43 44 
41 25 30 24 33 14 20 13 39 6 6 27 21 31 38 6 16 7 0 44 46 
32 24 26 50 18 30 33 53 4 48 43 47 25 34 9 42 27 43 44 0 9 
25 31 22 47 27 33 32 54 10 49 44 44 25 30 7 44 30 44 46 9 0 
0 455
25 252
110 337
139 366
157 384
32 259
80 307
128 355
22 249
81 308
201 428
99 326
36 263
155 382
158 385
201 428
73 300
184 411
29 256
182 409
186 413
