21
0 28 34 44 50 30 28 25 32 17 37 36 41 16 8 36 32 10 29 36 24 
28 0 25 23 22 13 25 22 4 18 36 10 20 27 27 18 12 20 25 18 10 
34 25 0 16 33 39 7 9 28 38 12 34 46 20 39 44 14 34 5 10 16 
44 23 16 0 18 35 22 22 22 41 27 27 39 34 46 38 12 40 21 8 19 
50 22 33 18 0 29 37 36 18 40 45 18 28 45 49 29 20 42 36 22 27 
30 13 39 35 29 0 38 34 13 13 49 11 10 36 25 6 26 19 37 31 23 
28 25 7 22 37 38 0 3 28 34 11 35 46 13 34 43 17 29 1 15 15 
25 22 9 22 36 34 3 0 26 31 14 32 43 11 31 40 15 26 3 14 12 
32 4 28 22 18 13 28 26 0 21 39 6 18 31 31 16 13 23 28 19 14 
17 18 38 41 40 13 34 31 21 0 46 23 24 28 12 19 29 7 34 34 22 
37 36 12 27 45 49 11 14 39 46 0 46 57 21 44 55 26 40 11 22 26 
36 10 34 27 18 11 35 32 6 23 46 0 12 38 34 12 19 27 34 24 20 
41 20 46 39 28 10 46 43 18 24 57 12 0 46 36 4 32 30 46 37 31 
16 27 20 34 45 36 13 11 31 28 21 38 46 0 24 42 25 21 14 25 18 
8 27 39 46 49 25 34 31 31 12 44 34 36 24 0 31 34 7 34 39 27 
36 18 44 38 29 6 43 40 16 19 55 12 4 42 31 0 30 26 43 35 28 
32 12 14 12 20 26 17 15 13 29 26 19 32 25 34 30 0 28 16 5 8 
10 20 34 40 42 19 29 26 23 7 40 27 30 21 7 26 28 0 30 32 20 
29 25 5 21 36 37 1 3 28 34 11 34 46 14 34 43 16 30 0 14 14 
36 18 10 8 22 31 15 14 19 34 22 24 37 25 39 35 5 32 14 0 12 
24 10 16 19 27 23 15 12 14 22 26 20 31 18 27 28 8 20 14 12 0 
0 350
28 63
36 71
168 203
210 245
233 268
263 298
249 284
304 339
108 143
314 349
86 121
279 314
255 290
170 205
82 117
32 67
89 124
161 196
68 103
217 252
