21
0 43 5 2 52 47 26 36 50 14 52 45 37 20 23 57 37 33 17 40 41 
43 0 39 46 8 18 35 7 9 30 18 27 16 30 35 15 24 18 32 7 29 
5 39 0 8 48 42 26 31 46 12 49 43 34 20 24 53 36 30 17 36 36 
2 46 8 0 54 50 26 38 52 16 54 46 39 21 24 59 39 34 18 42 44 
52 8 48 54 0 20 42 16 7 39 17 30 22 38 42 9 29 25 41 14 33 
47 18 42 50 20 0 48 20 26 38 35 45 33 42 47 29 41 33 43 25 15 
26 35 26 26 42 48 0 28 36 16 34 22 20 7 2 43 15 17 9 28 50 
36 7 31 38 16 20 28 0 15 22 21 25 12 23 28 22 20 12 25 6 28 
50 9 46 52 7 26 36 15 0 36 9 22 16 34 37 7 22 19 36 9 38 
14 30 12 16 39 38 16 22 36 0 38 31 23 9 14 43 24 18 7 26 36 
52 18 49 54 17 35 34 21 9 38 0 15 15 34 35 11 19 20 37 14 47 
45 27 43 46 30 45 22 25 22 31 15 0 12 24 23 26 7 15 27 19 53 
37 16 34 39 22 33 20 12 16 23 15 12 0 18 21 22 7 4 21 8 40 
20 30 20 21 38 42 7 23 34 9 34 24 18 0 5 41 17 14 3 25 43 
23 35 24 24 42 47 2 28 37 14 35 23 21 5 0 44 17 17 7 28 49 
57 15 53 59 9 29 43 22 7 43 11 26 22 41 44 0 28 26 44 17 43 
37 24 36 39 29 41 15 20 22 24 19 7 7 17 17 28 0 8 20 16 48 
33 18 30 34 25 33 17 12 19 18 20 15 4 14 17 26 8 0 17 11 39 
17 32 17 18 41 43 9 25 36 7 37 27 21 3 7 44 20 17 0 27 43 
40 7 36 42 14 25 28 6 9 26 14 19 8 25 28 17 16 11 27 0 34 
41 29 36 44 33 15 50 28 38 36 47 53 40 43 49 43 48 39 43 34 0 
0 315
129 223
39 133
160 254
85 179
112 206
17 111
49 143
70 164
104 198
83 177
70 164
143 237
194 288
85 179
109 203
72 166
132 226
76 170
33 127
77 171
