21
0 16 18 37 32 11 23 15 45 31 13 14 24 29 19 38 25 48 28 18 42 
16 0 32 27 20 10 14 27 33 15 2 7 8 15 5 28 32 36 25 29 27 
18 32 0 43 41 29 32 7 52 47 29 31 37 41 36 43 16 56 29 7 54 
37 27 43 0 8 37 13 35 9 29 28 35 19 14 32 1 32 13 14 36 19 
32 20 41 8 0 31 9 34 13 21 22 28 12 6 24 9 33 16 16 35 14 
11 10 29 37 31 0 24 26 44 22 9 3 19 26 9 39 35 46 32 29 37 
23 14 32 13 9 24 0 25 22 22 15 22 10 9 20 14 25 25 11 26 22 
15 27 7 35 34 26 25 0 45 42 24 28 30 34 31 35 10 48 22 2 47 
45 33 52 9 13 44 22 45 0 30 35 41 25 18 37 10 41 3 24 46 15 
31 15 47 29 21 22 22 42 30 0 18 19 12 14 13 30 46 31 34 44 18 
13 2 29 28 22 9 15 24 35 18 0 6 10 17 7 29 31 37 24 27 29 
14 7 31 35 28 3 22 28 41 19 6 0 16 22 5 36 35 43 31 30 34 
24 8 37 19 12 19 10 30 25 12 10 16 0 6 12 21 33 27 21 32 18 
29 15 41 14 6 26 9 34 18 14 17 22 6 0 18 16 35 20 20 35 13 
19 5 36 32 24 9 20 31 37 13 7 5 12 18 0 33 38 39 31 34 28 
38 28 43 1 9 39 14 35 10 30 29 36 21 16 33 0 31 13 14 36 20 
25 32 16 32 33 35 25 10 41 46 31 35 33 35 38 31 0 45 17 9 47 
48 36 56 13 16 46 25 48 3 31 37 43 27 20 39 13 45 0 27 49 15 
28 25 29 14 16 32 11 22 24 34 24 31 21 20 31 14 17 27 0 22 31 
18 29 7 36 35 29 26 2 46 44 27 30 32 35 34 36 9 49 22 0 49 
42 27 54 19 14 37 22 47 15 18 29 34 18 13 28 20 47 15 31 49 0 
0 385
107 261
55 209
87 241
215 369
54 208
133 287
154 308
141 295
169 323
116 270
3 157
194 348
91 245
23 177
37 191
70 224
5 159
44 198
181 335
229 383
