21
0 25 9 12 6 31 20 18 7 35 43 43 30 10 5 11 16 12 16 29 41 
25 0 31 33 31 47 16 7 24 12 38 36 36 24 27 26 36 30 34 4 36 
9 31 0 18 4 22 21 25 16 40 41 40 24 9 4 20 6 20 23 36 39 
12 33 18 0 14 40 32 25 9 45 56 56 42 23 16 7 25 3 4 36 54 
6 31 4 14 0 26 23 24 13 41 44 44 28 11 4 16 10 16 19 35 42 
31 47 22 40 26 0 31 43 39 52 35 36 16 24 26 42 15 42 45 51 34 
20 16 21 32 23 31 0 15 24 20 25 24 19 12 18 28 23 31 35 20 23 
18 7 25 25 24 43 15 0 16 19 40 38 34 19 20 19 30 22 27 11 38 
7 24 16 9 13 39 24 16 0 36 49 48 37 17 12 4 23 6 11 27 47 
35 12 40 45 41 52 20 19 36 0 33 30 37 31 36 39 43 42 47 11 31 
43 38 41 56 44 35 25 40 49 33 0 2 19 33 40 53 38 55 60 40 1 
43 36 40 56 44 36 24 38 48 30 2 0 20 32 40 52 38 55 59 38 2 
30 36 24 42 28 16 19 34 37 37 19 20 0 19 25 41 20 42 46 40 18 
10 24 9 23 11 24 12 19 17 31 33 32 19 0 7 22 12 23 27 28 31 
5 27 4 16 4 26 18 20 12 36 40 40 25 7 0 16 11 17 21 31 38 
11 26 20 7 16 42 28 19 4 39 53 52 41 22 16 0 27 3 7 29 52 
16 36 6 25 10 15 23 30 23 43 38 38 20 12 11 27 0 26 29 40 36 
12 30 20 3 16 42 31 22 6 42 55 55 42 23 17 3 26 0 4 33 53 
16 34 23 4 19 45 35 27 11 47 60 59 46 27 21 7 29 4 0 37 58 
29 4 36 36 35 51 20 11 27 11 40 38 40 28 31 29 40 33 37 0 39 
41 36 39 54 42 34 23 38 47 31 1 2 18 31 38 52 36 53 58 39 0 
0 333
109 175
180 246
83 149
39 105
28 94
187 253
66 132
184 250
80 146
68 134
2 68
141 207
100 166
252 318
49 115
224 290
106 172
263 329
125 191
104 170
