21
0 11 32 46 23 17 46 21 40 25 18 19 25 21 25 26 23 24 24 31 47 
11 0 35 38 12 16 39 33 43 16 8 14 33 11 16 33 17 13 15 33 39 
32 35 0 37 46 19 34 35 8 50 33 24 19 33 32 11 24 47 31 4 37 
46 38 37 0 38 31 4 63 39 42 30 26 52 27 22 46 23 38 22 33 1 
23 12 46 38 0 26 41 44 53 5 12 22 46 14 17 45 24 1 18 43 39 
17 16 19 31 26 0 30 31 27 31 14 6 24 14 15 20 8 27 14 17 31 
46 39 34 4 41 30 0 62 35 45 31 26 50 28 24 44 23 41 24 30 3 
21 33 35 63 44 31 62 0 42 46 39 37 17 41 45 24 40 46 44 37 63 
40 43 8 39 53 27 35 42 0 58 41 30 25 39 38 18 30 54 37 9 38 
25 16 50 42 5 31 45 46 58 0 17 27 49 19 22 49 29 4 23 48 44 
18 8 33 30 12 14 31 39 41 17 0 10 36 2 7 34 11 13 7 31 31 
19 14 24 26 22 6 26 37 30 27 10 0 30 8 9 26 3 23 8 21 27 
25 33 19 52 46 24 50 17 25 49 36 30 0 37 39 7 32 47 38 21 52 
21 11 33 27 14 14 28 41 39 19 2 8 37 0 4 34 9 14 4 30 28 
25 16 32 22 17 15 24 45 38 22 7 9 39 4 0 36 8 18 1 29 23 
26 33 11 46 45 20 44 24 18 49 34 26 7 34 36 0 27 46 34 14 46 
23 17 24 23 24 8 23 40 30 29 11 3 32 9 8 27 0 24 7 20 23 
24 13 47 38 1 27 41 46 54 4 13 23 47 14 18 46 24 0 18 44 39 
24 15 31 22 18 14 24 44 37 23 7 8 38 4 1 34 7 18 0 28 23 
31 33 4 33 43 17 30 37 9 48 31 21 21 30 29 14 20 44 28 0 33 
47 39 37 1 39 31 3 63 38 44 31 27 52 28 23 46 23 39 23 33 0 
0 368
36 36
39 39
51 51
188 188
202 202
293 293
262 262
240 240
220 220
134 134
275 275
50 50
78 78
78 78
275 275
18 18
9 9
237 237
88 88
87 87
