21
0 33 35 26 30 27 32 25 6 34 26 30 4 31 41 36 30 44 8 6 32 
33 0 28 14 29 7 7 20 30 1 10 29 30 2 26 8 7 16 34 32 15 
35 28 0 37 51 29 20 11 37 27 33 51 31 26 53 36 20 44 41 39 41 
26 14 37 0 15 8 19 26 21 15 4 15 25 13 17 10 18 17 24 23 5 
30 29 51 15 0 23 35 39 23 30 19 0 30 28 14 23 33 25 24 24 15 
27 7 29 8 23 0 11 19 23 8 4 23 24 5 24 9 9 19 27 25 12 
32 7 20 19 35 11 0 14 31 6 15 35 29 6 33 16 1 24 35 33 22 
25 20 11 26 39 19 14 0 26 20 22 39 21 18 43 27 13 37 30 28 31 
6 30 37 21 23 23 31 26 0 31 21 23 8 28 35 31 29 38 4 2 26 
34 1 27 15 30 8 6 20 31 0 11 30 31 3 27 9 7 17 35 33 16 
26 10 33 4 19 4 15 22 21 11 0 19 24 9 20 9 14 17 25 24 8 
30 29 51 15 0 23 35 39 23 30 19 0 30 29 15 23 33 26 23 24 15 
4 30 31 25 30 24 29 21 8 31 24 30 0 28 41 33 27 42 11 8 31 
31 2 26 13 28 5 6 18 28 3 9 29 28 0 27 10 5 18 32 30 15 
41 26 53 17 14 24 33 43 35 27 20 15 41 27 0 18 33 14 37 37 12 
36 8 36 10 23 9 16 27 31 9 9 23 33 10 18 0 15 9 34 33 8 
30 7 20 18 33 9 1 13 29 7 14 33 27 5 33 15 0 24 33 31 21 
44 16 44 17 25 19 24 37 38 17 17 26 42 18 14 9 24 0 41 40 12 
8 34 41 24 24 27 35 30 4 35 25 23 11 32 37 34 33 41 0 2 29 
6 32 39 23 24 25 33 28 2 33 24 24 8 30 37 33 31 40 2 0 28 
32 15 41 5 15 12 22 31 26 16 8 15 31 15 12 8 21 12 29 28 0 
0 508
154 357
127 330
167 370
46 249
70 273
253 456
44 247
92 295
98 301
204 407
139 342
23 226
100 303
10 213
117 320
131 334
9 212
120 323
126 329
182 385
