21
0 5 29 35 23 7 38 32 42 6 33 47 54 14 40 42 20 5 5 32 8 
5 0 32 40 28 12 39 34 45 3 38 52 58 19 42 45 25 7 9 36 3 
29 32 0 33 23 31 18 10 13 29 19 22 27 24 12 13 34 24 32 15 33 
35 40 33 0 13 29 52 43 40 41 15 31 38 21 44 40 19 36 32 18 44 
23 28 23 13 0 18 41 32 33 28 13 30 37 9 36 33 13 23 21 13 31 
7 12 31 29 18 0 43 36 44 14 30 46 53 9 43 44 13 11 2 30 15 
38 39 18 52 41 43 0 8 18 35 37 36 38 40 12 19 50 33 43 34 38 
32 34 10 43 32 36 8 0 14 30 29 29 33 32 9 14 42 27 36 26 34 
42 45 13 40 33 44 18 14 0 41 25 17 19 37 6 0 46 37 45 22 46 
6 3 29 41 28 14 35 30 41 0 37 49 55 19 39 42 26 5 12 35 4 
33 38 19 15 13 30 37 29 25 37 0 17 24 21 29 24 26 32 33 3 41 
47 52 22 31 30 46 36 29 17 49 17 0 7 37 24 17 43 44 48 16 54 
54 58 27 38 37 53 38 33 19 55 24 7 0 44 26 19 51 51 55 24 60 
14 19 24 21 9 9 40 32 37 19 21 37 44 0 37 37 10 15 12 20 23 
40 42 12 44 36 43 12 9 6 39 29 24 26 37 0 7 47 35 44 26 43 
42 45 13 40 33 44 19 14 0 42 24 17 19 37 7 0 46 38 45 21 46 
20 25 34 19 13 13 50 42 46 26 26 43 51 10 47 46 0 23 15 27 28 
5 7 24 36 23 11 33 27 37 5 32 44 51 15 35 38 23 0 10 30 9 
5 9 32 32 21 2 43 36 45 12 33 48 55 12 44 45 15 10 0 32 13 
32 36 15 18 13 30 34 26 22 35 3 16 24 20 26 21 27 30 32 0 39 
8 3 33 44 31 15 38 34 46 4 41 54 60 23 43 46 28 9 13 39 0 
0 455
227 227
344 344
20 20
323 323
4 4
314 314
225 225
321 321
444 444
341 341
293 293
220 220
411 411
323 323
267 267
47 47
104 104
50 50
426 426
420 420
