21
0 3 32 34 16 26 31 30 14 22 24 29 27 26 12 34 32 32 13 11 22 
3 0 34 36 14 25 35 30 16 25 26 29 29 26 15 36 35 32 16 15 24 
32 34 0 14 47 26 25 25 19 30 7 20 7 54 26 8 5 24 27 23 12 
34 36 14 0 50 16 39 13 20 41 15 9 10 60 33 5 19 12 35 30 12 
16 14 47 50 0 40 40 45 30 28 39 44 43 13 23 50 47 47 23 24 39 
26 25 26 16 40 0 44 5 16 41 21 7 18 52 31 20 30 7 33 28 15 
31 35 25 39 40 44 0 46 29 12 24 41 29 41 19 34 21 46 18 20 30 
30 30 25 13 45 5 46 0 19 44 21 5 17 57 34 18 30 2 36 31 16 
14 16 19 20 30 16 29 19 0 25 11 16 12 40 15 19 21 20 17 12 8 
22 25 30 41 28 41 12 44 25 0 26 40 31 28 10 37 27 45 9 13 29 
24 26 7 15 39 21 24 21 11 26 0 17 5 47 19 11 10 22 20 16 6 
29 29 20 9 44 7 41 5 16 40 17 0 12 55 31 13 25 4 33 28 11 
27 29 7 10 43 18 29 17 12 31 5 12 0 51 23 7 12 17 25 21 4 
26 26 54 60 13 52 41 57 40 28 47 55 51 0 28 59 53 59 27 31 48 
12 15 26 33 23 31 19 34 15 10 19 31 23 28 0 30 24 35 2 2 21 
34 36 8 5 50 20 34 18 19 37 11 13 7 59 30 0 14 17 32 28 11 
32 35 5 19 47 30 21 30 21 27 10 25 12 53 24 14 0 29 25 22 15 
32 32 24 12 47 7 46 2 20 45 22 4 17 59 35 17 29 0 37 32 16 
13 16 27 35 23 33 18 36 17 9 20 33 25 27 2 32 25 37 0 4 23 
11 15 23 30 24 28 20 31 12 13 16 28 21 31 2 28 22 32 4 0 18 
22 24 12 12 39 15 30 16 8 29 6 11 4 48 21 11 15 16 23 18 0 
0 333
66 99
289 322
15 48
78 111
185 218
189 222
250 283
144 177
223 256
161 194
281 314
161 194
246 279
118 151
194 227
114 147
252 285
254 287
276 309
298 331
