21
650
0 15 18 36 32 11 23 15 45 30 13 14 23 29 19 37 25 48 28 17 41
15 0 31 27 20 10 14 26 32 15 2 7 8 14 5 28 32 34 25 28 26
18 31 0 42 41 29 32 7 51 46 29 31 37 41 36 42 16 54 29 7 54
36 27 42 0 8 37 13 35 9 28 28 34 19 14 31 1 31 12 14 36 19
32 20 41 8 0 30 9 34 13 20 22 27 12 6 24 9 33 16 16 35 14
11 10 29 37 30 0 24 26 42 21 9 3 18 24 8 38 35 44 32 28 36
23 14 32 13 9 24 0 25 22 22 15 21 10 9 19 14 25 25 11 26 22
15 26 7 35 34 26 25 0 44 41 24 28 30 34 31 35 10 47 22 2 47
45 32 51 9 13 42 22 44 0 30 34 39 24 18 36 10 40 3 23 45 15
30 15 46 28 20 21 22 41 30 0 17 18 12 14 13 29 45 31 33 43 18
13 2 29 28 22 9 15 24 34 17 0 6 10 16 7 29 31 36 24 26 28
14 7 31 34 27 3 21 28 39 18 6 0 15 21 5 35 35 41 30 30 33
23 8 37 19 12 18 10 30 24 12 10 15 0 6 12 20 33 26 21 32 18
29 14 41 14 6 24 9 34 18 14 16 21 6 0 18 15 34 20 20 35 13
19 5 36 31 24 8 19 31 36 13 7 5 12 18 0 32 37 38 30 33 28
37 28 42 1 9 38 14 35 10 29 29 35 20 15 32 0 31 13 14 36 20
25 32 16 31 33 35 25 10 40 45 31 35 33 34 37 31 0 43 17 9 47
48 34 54 12 16 44 25 47 3 31 36 41 26 20 38 13 43 0 26 48 15
28 25 29 14 16 32 11 22 23 33 24 30 21 20 30 14 17 26 0 22 30
17 28 7 36 35 28 26 2 45 43 26 30 32 35 33 36 9 48 22 0 48
41 26 54 19 14 36 22 47 15 18 28 33 18 13 28 20 47 15 30 48 0
0 385
107 261
55 209
87 241
215 369
54 208
133 287
154 308
141 295
169 323
116 270
3 157
194 348
91 245
23 177
37 191
70 224
5 159
44 198
181 335
229 383
0
45
80
50
64
59
75
51
42
63
64
38
57
43
37
39
45
13
49
33
52
