21
650
0 46 30 45 3 34 8 14 6 43 26 17 39 20 22 33 36 4 29 21 23
46 0 16 5 49 26 40 41 44 5 30 37 26 32 45 34 17 48 45 25 28
30 16 0 16 33 21 24 25 28 13 16 24 25 19 30 24 14 32 31 9 15
45 5 16 0 48 21 40 41 42 3 31 33 21 28 46 37 12 48 46 25 24
3 49 33 48 0 37 10 15 9 46 28 20 42 23 22 35 39 2 30 24 26
34 26 21 21 37 0 34 38 29 21 36 18 5 14 46 45 9 38 50 25 11
8 40 24 40 10 34 0 6 12 37 18 21 39 21 14 25 34 9 21 15 23
14 41 25 41 15 38 6 0 18 38 14 27 43 26 8 20 37 13 15 16 27
6 44 28 42 9 29 12 18 0 39 28 11 34 15 26 37 31 10 33 20 18
43 5 13 3 46 21 37 38 39 0 28 32 22 27 43 34 12 45 43 22 23
26 30 16 31 28 36 18 14 28 28 0 31 40 27 15 9 30 27 15 11 26
17 37 24 33 20 18 21 27 11 32 31 0 23 5 35 40 22 21 41 20 9
39 26 25 21 42 5 39 43 34 22 40 23 0 19 51 49 11 43 55 30 16
20 32 19 28 23 14 21 26 15 27 27 5 19 0 34 36 17 24 40 16 4
22 45 30 46 22 46 14 8 26 43 15 35 51 34 0 16 43 20 8 22 35
33 34 24 37 35 45 25 20 37 34 9 40 49 36 16 0 38 33 12 20 35
36 17 14 12 39 9 34 37 31 12 30 22 11 17 43 38 0 40 45 21 13
4 48 32 48 2 38 9 13 10 45 27 21 43 24 20 33 40 0 28 23 27
29 45 31 46 30 50 21 15 33 43 15 41 55 40 8 12 45 28 0 25 40
21 25 9 25 24 25 15 16 20 22 11 20 30 16 22 20 21 23 25 0 15
23 28 15 24 26 11 23 27 18 23 26 9 16 4 35 35 13 27 40 15 0
0 403
183 263
36 116
172 252
285 365
270 350
212 292
92 172
51 131
158 238
213 293
158 238
275 355
156 236
239 319
156 236
141 221
105 185
214 294
230 310
304 384
0
45
49
42
63
58
63
55
66
65
71
42
38
19
73
28
35
32
51
32
73
