21
650
0 31 10 26 30 22 12 15 14 35 41 9 21 29 11 28 26 17 10 14 25
31 0 41 38 4 36 42 16 43 23 21 30 39 10 38 29 21 24 29 29 18
10 41 0 32 40 28 10 25 4 44 51 17 24 39 14 36 30 26 14 18 31
26 38 32 0 34 4 24 28 36 22 30 17 8 28 18 10 47 14 36 40 44
30 4 40 34 0 33 40 15 42 19 17 28 36 6 36 25 25 21 29 30 22
22 36 28 4 33 0 20 26 32 23 31 13 5 27 14 11 44 12 32 36 42
12 42 10 24 40 20 0 26 14 40 47 13 16 37 6 30 37 22 21 25 37
15 16 25 28 15 26 26 0 27 26 28 15 27 15 23 24 19 14 15 17 16
14 43 4 36 42 32 14 27 0 48 55 21 28 42 18 40 31 30 15 18 32
35 23 44 22 19 23 40 26 48 0 8 27 28 13 34 12 43 18 40 43 40
41 21 51 30 17 31 47 28 55 8 0 34 36 13 41 20 42 25 43 45 39
9 30 17 17 28 13 13 15 21 27 34 0 12 24 8 19 32 9 19 23 30
21 39 24 8 36 5 16 27 28 28 36 12 0 31 10 16 44 15 31 35 42
29 10 39 28 6 27 37 15 42 13 13 24 31 0 32 19 30 16 30 32 27
11 38 14 18 36 14 6 23 18 34 41 8 10 32 0 24 37 16 21 25 36
28 29 36 10 25 11 30 24 40 12 20 19 16 19 24 0 43 11 35 39 40
26 21 30 47 25 44 37 19 31 43 42 32 44 30 37 43 0 33 16 13 3
17 24 26 14 21 12 22 14 30 18 25 9 15 16 16 11 33 0 24 28 30
10 29 14 36 29 32 21 15 15 40 43 19 31 30 21 35 16 24 0 4 17
14 29 18 40 30 36 25 17 18 43 45 23 35 32 25 39 13 28 4 0 14
25 18 31 44 22 42 37 16 32 40 39 30 42 27 36 40 3 30 17 14 0
0 210
129 192
74 137
146 209
116 179
114 177
111 174
6 69
94 157
7 70
127 190
71 134
26 89
95 158
112 175
103 166
123 186
42 105
103 166
72 135
127 190
0
26
70
58
32
49
31
45
46
50
67
73
64
43
38
31
68
31
63
53
61
