21
650
0 8 8 29 19 32 44 20 51 17 42 37 18 25 18 29 9 18 2 23 32
8 0 14 35 13 31 50 26 57 24 48 43 22 33 21 37 3 26 9 31 36
8 14 0 21 20 25 36 12 43 11 34 29 10 22 11 24 14 15 6 20 24
29 35 21 0 36 24 16 10 22 15 16 9 14 26 17 21 34 24 27 27 8
19 13 20 36 0 23 52 26 58 31 52 45 22 42 19 44 10 35 19 40 35
32 31 25 24 23 0 39 19 44 30 40 33 16 44 14 43 28 39 30 43 18
44 50 36 16 52 39 0 26 7 27 3 7 30 30 33 23 49 32 42 32 21
20 26 12 10 26 19 26 0 32 12 26 19 4 26 7 24 24 21 18 25 12
51 57 43 22 58 44 7 32 0 34 10 14 36 37 39 30 56 39 49 39 26
17 24 11 15 31 30 27 12 34 0 25 21 14 14 17 14 25 9 15 13 22
42 48 34 16 52 40 3 26 10 25 0 7 30 27 33 20 48 29 40 29 22
37 43 29 9 45 33 7 19 14 21 7 0 23 27 26 21 42 27 35 28 15
18 22 10 14 22 16 30 4 36 14 30 23 0 28 3 27 20 23 16 27 14
25 33 22 26 42 44 30 26 37 14 27 27 28 0 31 7 34 7 24 3 34
18 21 11 17 19 14 33 7 39 17 33 26 3 31 0 30 18 25 16 30 16
29 37 24 21 44 43 23 24 30 14 20 21 27 7 30 0 38 11 28 9 29
9 3 14 34 10 28 49 24 56 25 48 42 20 34 18 38 0 27 10 32 34
18 26 15 24 35 39 32 21 39 9 29 27 23 7 25 11 27 0 17 5 31
2 9 6 27 19 30 42 18 49 15 40 35 16 24 16 28 10 17 0 22 30
23 31 20 27 40 43 32 25 39 13 29 28 27 3 30 9 32 5 22 0 35
32 36 24 8 35 18 21 12 26 22 22 15 14 34 16 29 34 31 30 35 0
0 455
128 264
84 220
258 394
118 254
9 145
260 396
247 383
8 144
249 385
79 215
115 251
27 163
292 428
40 176
270 406
49 185
179 315
205 341
225 361
3 139
0
43
73
25
50
64
38
55
59
38
50
69
33
29
71
74
38
27
68
17
79
