21
650
0 7 29 21 35 14 38 22 34 25 48 20 37 37 16 8 43 35 10 17 13
7 0 24 17 30 17 31 16 33 27 44 13 32 32 16 14 39 33 11 10 9
29 24 0 36 6 27 14 27 19 32 21 13 9 8 20 32 16 17 23 15 16
21 17 36 0 40 34 37 10 49 44 57 23 45 43 33 29 52 49 28 21 25
35 30 6 40 0 33 10 30 23 38 21 17 9 3 26 38 16 20 29 20 22
14 17 27 34 33 0 41 33 24 11 39 24 31 34 7 9 35 26 6 22 14
38 31 14 37 10 41 0 27 33 46 30 18 19 12 34 44 25 30 35 21 27
22 16 27 10 30 33 27 0 43 43 48 14 36 33 30 30 43 41 27 13 20
34 33 19 49 23 24 33 43 0 21 16 29 14 21 18 33 13 3 24 30 24
25 27 32 44 38 11 46 43 21 0 37 33 33 38 14 18 34 24 16 31 23
48 44 21 57 21 39 30 48 16 37 0 34 12 18 32 47 5 13 38 36 35
20 13 13 23 17 24 18 14 29 33 34 0 22 20 19 26 29 27 18 3 10
37 32 9 45 9 31 19 36 14 33 12 22 0 7 24 38 7 11 29 24 24
37 32 8 43 3 34 12 33 21 38 18 20 7 0 27 40 13 18 31 23 24
16 16 20 33 26 7 34 30 18 14 32 19 24 27 0 15 28 19 6 18 10
8 14 32 29 38 9 44 30 33 18 47 26 38 40 15 0 43 34 9 24 17
43 39 16 52 16 35 25 43 13 34 5 29 7 13 28 43 0 10 34 31 30
35 33 17 49 20 26 30 41 3 24 13 27 11 18 19 34 10 0 25 29 24
10 11 23 28 29 6 35 27 24 16 38 18 29 31 6 9 34 25 0 16 8
17 10 15 21 20 22 21 13 30 31 36 3 24 23 18 24 31 29 16 0 8
13 9 16 25 22 14 27 20 24 23 35 10 24 24 10 17 30 24 8 8 0
0 175
51 121
42 112
101 171
22 92
64 134
40 110
64 134
16 86
94 164
103 173
85 155
96 166
0 70
50 120
32 102
98 168
86 156
12 82
17 87
97 167
0
63
42
59
51
37
50
57
39
25
36
81
60
14
66
80
53
48
35
52
52
