21
650
0 33 17 3 18 33 27 21 18 26 32 25 31 18 26 4 30 23 45 45 16
33 0 31 30 40 6 12 24 17 17 31 8 9 32 18 30 9 14 21 15 24
17 31 0 17 9 34 20 33 14 34 15 23 34 1 15 18 23 29 35 45 7
3 30 17 0 20 30 24 18 15 23 32 22 28 18 25 1 27 20 42 42 15
18 40 9 20 0 43 29 38 23 40 22 32 43 8 24 21 32 36 43 54 16
33 6 34 30 43 0 18 20 20 12 37 11 3 35 24 30 15 11 27 12 27
27 12 20 24 29 18 0 28 9 23 19 8 19 21 6 25 3 18 18 27 13
21 24 33 18 38 20 28 0 22 8 43 20 17 34 32 17 28 10 44 30 27
18 17 14 15 23 20 9 22 0 20 21 9 20 15 10 16 12 15 27 31 7
26 17 34 23 40 12 23 8 20 0 41 15 9 35 28 22 23 5 38 22 27
32 31 15 32 22 37 19 43 21 41 0 27 38 14 13 33 22 36 25 46 17
25 8 23 22 32 11 8 20 9 15 27 0 11 24 14 22 8 10 24 22 16
31 9 34 28 43 3 19 17 20 9 38 11 0 35 25 27 17 8 30 14 27
18 32 1 18 8 35 21 34 15 35 14 24 35 0 16 19 24 30 35 46 8
26 18 15 25 24 24 6 32 10 28 13 14 25 16 0 25 9 23 20 33 10
4 30 18 1 21 30 25 17 16 22 33 22 27 19 25 0 28 19 43 41 16
30 9 23 27 32 15 3 28 12 23 22 8 17 24 9 28 0 18 16 24 16
23 14 29 20 36 11 18 10 15 5 36 10 8 30 23 19 18 0 34 22 22
45 21 35 42 43 27 18 44 27 38 25 24 30 35 20 43 16 34 0 30 30
45 15 45 42 54 12 27 30 31 22 46 22 14 46 33 41 24 22 30 0 38
16 24 7 15 16 27 13 27 7 27 17 16 27 8 10 16 16 22 30 38 0
0 175
27 62
18 53
62 97
103 138
52 87
90 125
48 83
31 66
44 79
74 109
108 143
121 156
21 56
10 45
117 152
117 152
42 77
128 163
15 50
45 80
0
11
70
81
54
30
53
58
47
30
22
56
76
29
49
69
45
45
30
85
59
