21
651
0 10 20 26 15 7 17 22 17 24 11 11 25 8 24 22 3 11 20 21 19
10 0 28 34 5 15 25 13 16 31 6 19 15 5 14 32 13 18 14 31 14
20 28 0 13 32 13 5 33 19 4 25 9 41 28 41 18 20 10 29 26 24
26 34 13 0 39 19 10 43 31 16 32 15 49 34 48 8 24 19 40 19 36
15 5 32 39 0 20 30 9 17 34 8 24 10 10 9 37 18 22 11 36 14
7 15 13 19 20 0 10 24 14 17 13 4 30 15 29 19 8 4 22 22 18
17 25 5 10 30 10 0 34 21 9 23 6 40 25 39 13 17 9 30 21 26
22 13 33 43 9 24 34 0 14 33 11 28 8 18 11 43 25 25 4 43 9
17 16 19 31 17 14 21 14 0 19 10 17 22 20 24 33 20 13 10 36 5
24 31 4 16 34 17 9 33 19 0 26 13 41 32 43 22 24 13 29 30 24
11 6 25 32 8 13 23 11 10 26 0 17 17 10 17 32 14 15 9 32 8
11 19 9 15 24 4 6 28 17 13 17 0 34 19 33 16 11 4 25 21 21
25 15 41 49 10 30 40 8 22 41 17 34 0 20 4 47 28 32 12 46 17
8 5 28 34 10 15 25 18 20 32 10 19 20 0 18 30 10 19 19 28 18
24 14 41 48 9 29 39 11 24 43 17 33 4 18 0 46 27 31 15 45 20
22 32 18 8 37 19 13 43 33 22 32 16 47 30 46 0 20 20 41 11 37
3 13 20 24 18 8 17 25 20 24 14 11 28 10 27 20 0 12 23 18 22
11 18 10 19 22 4 9 25 13 13 15 4 32 19 31 20 12 0 22 25 17
20 14 29 40 11 22 30 4 10 29 9 25 12 19 15 41 23 22 0 41 5
21 31 26 19 36 22 21 43 36 30 32 21 46 28 45 11 18 25 41 0 40
19 14 24 36 14 18 26 9 5 24 8 21 17 18 20 37 22 17 5 40 0
0 403
64 225
214 375
198 359
33 194
78 239
104 265
198 359
230 391
155 316
101 262
190 351
113 274
114 275
66 227
79 240
185 346
152 313
238 399
44 205
163 324
0
62
42
49
48
57
81
23
73
53
61
59
24
48
57
30
54
70
55
30
25
