21
651
0 25 9 12 6 30 20 18 7 35 42 42 29 10 5 11 15 12 16 29 41
25 0 31 32 31 47 16 7 23 12 37 36 35 24 27 26 36 29 33 4 36
9 31 0 18 4 21 21 24 16 40 40 40 24 9 4 20 6 20 22 35 39
12 32 18 0 14 39 32 25 9 44 54 54 41 22 16 6 24 3 4 35 53
6 31 4 14 0 25 22 24 13 40 43 43 28 11 4 16 10 16 18 35 42
30 47 21 39 25 0 31 43 37 51 35 36 16 24 25 41 15 41 43 51 34
20 16 21 32 22 31 0 15 24 20 24 24 19 12 18 28 23 30 34 20 23
18 7 24 25 24 43 15 0 16 19 39 38 34 19 20 19 30 22 26 11 38
7 23 16 9 13 37 24 16 0 35 48 48 36 17 12 4 22 6 10 27 47
35 12 40 44 40 51 20 19 35 0 32 30 37 31 36 38 43 41 45 11 31
42 37 40 54 43 35 24 39 48 32 0 2 19 32 39 52 37 54 58 40 1
42 36 40 54 43 36 24 38 48 30 2 0 20 32 39 52 38 54 58 38 2
29 35 24 41 28 16 19 34 36 37 19 20 0 19 25 40 20 41 45 39 18
10 24 9 22 11 24 12 19 17 31 32 32 19 0 7 21 12 22 26 28 31
5 27 4 16 4 25 18 20 12 36 39 39 25 7 0 16 10 17 20 31 38
11 26 20 6 16 41 28 19 4 38 52 52 40 21 16 0 26 3 7 29 51
15 36 6 24 10 15 23 30 22 43 37 38 20 12 10 26 0 26 28 40 36
12 29 20 3 16 41 30 22 6 41 54 54 41 22 17 3 26 0 4 32 53
16 33 22 4 18 43 34 26 10 45 58 58 45 26 20 7 28 4 0 36 57
29 4 35 35 35 51 20 11 27 11 40 38 39 28 31 29 40 32 36 0 39
41 36 39 53 42 34 23 38 47 31 1 2 18 31 38 51 36 53 57 39 0
0 333
109 175
180 246
83 149
39 105
28 94
187 253
66 132
184 250
80 146
68 134
2 68
141 207
100 166
252 318
49 115
224 290
106 172
263 329
125 191
104 170
0
77
84
31
68
32
79
78
38
24
49
44
60
49
14
36
41
53
30
49
65
