21
649
0 29 27 51 32 47 46 43 37 33 39 19 5 39 25 40 28 16 15 29 33
29 0 7 23 25 19 21 18 10 19 14 19 27 12 9 11 6 23 22 3 21
27 7 0 26 18 24 19 16 16 12 12 22 27 18 15 14 12 18 17 10 14
51 23 26 0 38 6 19 18 14 32 19 37 48 14 27 12 23 44 43 23 34
32 25 18 38 0 39 22 21 33 6 19 37 35 35 33 28 30 16 17 28 4
47 19 24 6 39 0 22 20 10 33 20 33 44 9 23 11 19 42 41 19 35
46 21 19 19 22 22 0 3 22 17 7 40 46 24 30 14 26 34 34 23 18
43 18 16 18 21 20 3 0 19 16 4 37 43 21 27 11 23 31 31 20 17
37 10 16 14 33 10 22 19 0 27 17 23 34 2 13 8 9 33 32 9 29
33 19 12 32 6 33 17 16 27 0 13 34 34 29 27 22 24 18 18 22 2
39 14 12 19 19 20 7 4 17 13 0 33 39 19 23 9 20 27 27 17 15
19 19 22 37 37 33 40 37 23 34 33 0 14 24 10 28 14 25 24 17 35
5 27 27 48 35 44 46 43 34 34 39 14 0 36 22 38 25 19 18 27 35
39 12 18 14 35 9 24 21 2 29 19 24 36 0 14 10 11 35 34 11 31
25 9 15 27 33 23 30 27 13 27 23 10 22 14 0 18 4 25 24 7 29
40 11 14 12 28 11 14 11 8 22 9 28 38 10 18 0 14 32 31 12 24
28 6 12 23 30 19 26 23 9 24 20 14 25 11 4 14 0 25 24 3 26
16 23 18 44 16 42 34 31 33 18 27 25 19 35 25 32 25 0 1 24 18
15 22 17 43 17 41 34 31 32 18 27 24 18 34 24 31 24 1 0 23 18
29 3 10 23 28 19 23 20 9 22 17 17 27 11 7 12 3 24 23 0 24
33 21 14 34 4 35 18 17 29 2 15 35 35 31 29 24 26 18 18 24 0
0 210
13 118
88 193
36 141
20 125
42 147
15 120
29 134
59 164
63 168
32 137
99 204
70 175
43 148
80 185
103 208
0 105
28 133
16 121
31 136
15 120
0
42
51
34
70
48
43
36
26
72
61
16
55
52
15
73
17
73
82
72
60
