21
650
0 8 8 51 30 33 38 24 15 32 5 44 39 27 37 20 28 39 35 46 25
8 0 3 59 33 41 46 30 23 36 13 52 47 30 45 28 36 47 43 54 33
8 3 0 59 35 39 46 31 23 38 13 52 47 32 45 26 33 45 43 54 33
51 59 59 0 44 32 15 34 36 37 46 7 14 44 20 40 45 39 21 12 26
30 33 35 44 0 48 40 15 23 7 26 39 41 3 25 41 52 57 23 48 30
33 41 39 32 48 0 18 33 26 43 30 26 18 45 34 13 13 9 33 21 18
38 46 46 15 40 18 0 26 24 34 33 8 1 38 18 25 31 26 19 8 13
24 30 31 34 15 33 26 0 10 10 19 27 27 12 15 28 39 42 13 33 15
15 23 23 36 23 26 24 10 0 20 10 29 25 20 22 18 29 35 20 32 11
32 36 38 37 7 43 34 10 20 0 27 32 35 7 18 38 49 52 16 41 25
5 13 13 46 26 30 33 19 10 27 0 39 34 23 32 18 28 37 30 41 20
44 52 52 7 39 26 8 27 29 32 39 0 8 39 15 33 39 34 16 10 19
39 47 47 14 41 18 1 27 25 35 34 8 0 39 19 26 31 26 20 7 14
27 30 32 44 3 45 38 12 20 7 23 39 39 0 25 38 49 54 23 45 27
37 45 45 20 25 34 18 15 22 18 32 15 19 25 0 35 44 43 2 24 18
20 28 26 40 41 13 25 28 18 38 18 33 26 38 35 0 11 19 34 31 17
28 36 33 45 52 13 31 39 29 49 28 39 31 49 44 11 0 12 43 34 26
39 47 45 39 57 9 26 42 35 52 37 34 26 54 43 19 12 0 42 27 27
35 43 43 21 23 33 19 13 20 16 30 16 20 23 2 34 43 42 0 25 17
46 54 54 12 48 21 8 33 32 41 41 10 7 45 24 31 34 27 25 0 21
25 33 33 26 30 18 13 15 11 25 20 19 14 27 18 17 26 27 17 21 0
0 280
73 213
32 172
22 162
78 218
20 160
86 226
91 231
107 247
51 191
7 147
117 257
13 153
130 270
101 241
95 235
69 209
59 199
120 260
83 223
87 227
0
65
69
73
62
66
24
69
62
69
35
33
36
49
49
37
29
64
29
59
21
