21
650
0 8 27 33 12 18 23 19 20 9 15 37 22 4 27 22 37 5 10 27 5
8 0 20 26 16 15 25 23 12 17 18 29 19 8 25 24 35 8 17 29 4
27 20 0 29 28 11 44 43 13 36 27 21 11 24 39 25 48 23 37 48 24
33 26 29 0 42 34 32 38 18 39 44 15 38 34 21 48 24 34 39 33 28
12 16 28 42 0 17 34 27 27 16 3 44 20 8 38 11 48 8 17 38 15
18 15 11 34 17 0 40 37 16 27 16 31 4 14 39 15 49 13 28 44 19
23 25 44 32 34 40 0 8 31 18 37 44 44 27 12 45 19 28 17 4 21
19 23 43 38 27 37 8 0 33 11 30 48 41 23 20 38 27 24 10 12 19
20 12 13 18 27 16 31 33 0 29 28 17 20 19 26 30 35 19 29 35 16
9 17 36 39 16 27 18 11 29 0 19 46 31 13 27 27 36 14 1 22 13
15 18 27 44 3 16 37 30 28 19 0 45 18 11 41 8 51 10 20 41 18
37 29 21 15 44 31 44 48 17 46 45 0 32 36 34 46 39 36 46 46 33
22 19 11 38 20 4 44 41 20 31 18 32 0 18 43 14 53 17 32 48 23
4 8 24 34 8 14 27 23 19 13 11 36 18 0 30 18 40 1 14 31 7
27 25 39 21 38 39 12 20 26 27 41 34 43 30 0 48 10 31 26 12 23
22 24 25 48 11 15 45 38 30 27 8 46 14 18 48 0 58 17 28 49 25
37 35 48 24 48 49 19 27 35 36 51 39 53 40 10 58 0 41 35 17 33
5 8 23 34 8 13 28 24 19 14 10 36 17 1 31 17 41 0 15 32 8
10 17 37 39 17 28 17 10 29 1 20 46 32 14 26 28 35 15 0 21 13
27 29 48 33 38 44 4 12 35 22 41 46 48 31 12 49 17 32 21 0 25
5 4 24 28 15 19 21 19 16 13 18 33 23 7 23 25 33 8 13 25 0
0 245
85 183
114 212
75 173
66 164
92 190
95 193
92 190
24 122
1 99
129 227
46 144
63 161
130 228
3 101
141 239
38 136
23 121
133 231
68 166
68 166
0
89
73
52
42
39
37
21
30
42
52
63
76
49
61
23
55
47
43
69
37
