21
650
0 3 23 45 50 13 10 9 43 25 44 20 14 47 15 37 13 44 48 14 35
3 0 20 42 47 10 7 6 40 26 41 17 11 45 13 34 10 42 45 11 33
23 20 0 22 27 12 13 16 20 35 23 3 17 34 18 19 12 31 29 11 29
45 42 22 0 16 34 35 38 5 54 20 25 38 38 39 25 34 35 26 33 41
50 47 27 16 0 39 40 43 11 49 9 30 44 26 38 17 39 24 12 38 32
13 10 12 34 39 0 4 4 32 32 34 9 6 43 15 29 0 40 40 1 34
10 7 13 35 40 4 0 4 33 28 34 10 9 40 11 28 4 37 39 4 31
9 6 16 38 43 4 4 0 36 30 38 13 6 44 15 32 4 41 43 5 35
43 40 20 5 11 32 33 36 0 50 15 23 37 33 36 20 32 30 21 31 36
25 26 35 54 49 32 28 30 50 0 40 33 36 33 17 32 32 30 42 32 19
44 41 23 20 9 34 34 38 15 40 0 26 39 18 30 8 34 15 6 33 23
20 17 3 25 30 9 10 13 23 33 26 0 14 36 16 21 9 33 32 8 29
14 11 17 38 44 6 9 6 37 36 39 14 0 48 20 34 6 45 45 6 40
47 45 34 38 26 43 40 44 33 33 18 36 48 0 32 15 43 3 14 42 14
15 13 18 39 38 15 11 15 36 17 30 16 20 32 0 22 15 29 33 15 20
37 34 19 25 17 29 28 32 20 32 8 21 34 15 22 0 29 12 11 28 16
13 10 12 34 39 0 4 4 32 32 34 9 6 43 15 29 0 40 40 1 34
44 42 31 35 24 40 37 41 30 30 15 33 45 3 29 12 40 0 12 39 11
48 45 29 26 12 40 39 43 21 42 6 32 45 14 33 11 40 12 0 39 23
14 11 11 33 38 1 4 5 31 32 33 8 6 42 15 28 1 39 39 0 34
35 33 29 41 32 34 31 35 36 19 23 29 40 14 20 16 34 11 23 34 0
0 262
40 118
48 126
115 193
68 146
168 246
109 187
28 106
101 179
121 199
35 113
123 201
82 160
15 93
28 106
65 143
27 105
143 221
25 103
127 205
136 214
0
76
69
51
32
30
65
25
17
46
51
54
34
51
44
66
53
67
71
34
64
