21
649
0 8 17 21 32 17 26 33 21 18 26 19 29 7 14 20 24 6 36 35 29
8 0 25 14 30 19 27 41 24 26 18 11 31 9 10 24 25 2 36 37 23
17 25 0 38 40 21 33 16 27 3 43 36 31 21 29 18 33 23 39 36 42
21 14 38 0 26 25 37 54 36 39 6 8 34 22 19 32 35 15 35 39 14
32 30 40 26 0 19 57 51 53 43 31 33 15 38 40 24 55 29 10 16 12
17 19 21 25 19 0 43 33 38 24 31 28 12 24 29 7 41 17 20 18 22
26 27 33 37 57 43 0 47 6 31 37 29 55 19 18 45 2 28 62 61 50
33 41 16 54 51 33 47 0 41 16 59 52 38 37 45 27 47 39 47 42 55
21 24 27 36 53 38 6 41 0 25 37 28 50 15 17 40 6 24 57 56 47
18 26 3 39 43 24 31 16 25 0 44 37 34 22 30 21 31 24 42 39 45
26 18 43 6 31 31 37 59 37 44 0 9 40 26 20 38 35 20 41 45 19
19 11 36 8 33 28 29 52 28 37 9 0 39 17 11 34 27 13 41 44 22
29 31 31 34 15 12 55 38 50 34 40 39 0 36 41 13 53 29 9 6 25
7 9 21 22 38 24 19 37 15 22 26 17 36 0 8 27 17 9 43 42 32
14 10 29 19 40 29 18 45 17 30 20 11 41 8 0 34 16 12 46 47 32
20 24 18 32 24 7 45 27 40 21 38 34 13 27 34 0 44 22 21 18 29
24 25 33 35 55 41 2 47 6 31 35 27 53 17 16 44 0 26 60 59 48
6 2 23 15 29 17 28 39 24 24 20 13 29 9 12 22 26 0 34 35 23
36 36 39 35 10 20 62 47 57 42 41 41 9 43 46 21 60 34 0 7 22
35 37 36 39 16 18 61 42 56 39 45 44 6 42 47 18 59 35 7 0 28
29 23 42 14 12 22 50 55 47 45 19 22 25 32 32 29 48 23 22 28 0
0 210
12 12
63 63
17 17
101 101
109 109
134 134
175 175
141 141
148 148
88 88
139 139
56 56
74 74
32 32
80 80
185 185
35 35
98 98
144 144
25 25
0
50
57
79
60
42
83
65
37
20
48
51
25
72
18
20
36
65
45
69
56
