21
651
0 31 15 21 30 9 40 23 25 2 35 28 45 45 28 35 39 30 38 45 42
31 0 25 12 22 28 11 27 23 31 34 11 24 18 6 6 16 19 9 24 25
15 25 0 13 15 6 36 8 10 17 20 30 47 35 20 31 28 16 34 47 28
21 12 13 0 14 16 23 15 12 23 25 19 36 24 7 18 18 11 21 36 23
30 22 15 14 0 21 33 9 5 32 12 32 46 23 16 28 16 3 31 46 13
9 28 6 16 21 0 39 14 16 11 26 29 46 40 23 34 33 22 37 46 34
40 11 36 23 33 39 0 38 34 40 45 15 15 21 17 5 23 30 2 15 32
23 27 8 15 9 14 38 0 5 25 12 34 51 31 22 33 24 11 36 51 22
25 23 10 12 5 16 34 5 0 27 13 31 47 26 17 29 19 6 32 47 18
2 31 17 23 32 11 40 25 27 0 37 27 44 46 29 35 41 32 38 44 44
35 34 20 25 12 26 45 12 13 37 0 44 58 33 28 40 26 15 43 58 20
28 11 30 19 32 29 15 34 31 27 44 0 17 29 16 10 27 29 13 17 36
45 24 47 36 46 46 15 51 47 44 58 17 0 36 30 18 38 43 17 0 47
45 18 35 24 23 40 21 31 26 46 33 29 36 0 17 20 7 20 20 36 14
28 6 20 7 16 23 17 22 17 29 28 16 30 17 0 12 13 13 15 30 21
35 6 31 18 28 34 5 33 29 35 40 10 18 20 12 0 21 25 3 18 30
39 16 28 18 16 33 23 24 19 41 26 27 38 7 13 21 0 13 21 38 9
30 19 16 11 3 22 30 11 6 32 15 29 43 20 13 25 13 0 28 43 12
38 9 34 21 31 37 2 36 32 38 43 13 17 20 15 3 21 28 0 17 30
45 24 47 36 46 46 15 51 47 44 58 17 0 36 30 18 38 43 17 0 47
42 25 28 23 13 34 32 22 18 44 20 36 47 14 21 30 9 12 30 47 0
0 368
7 80
281 354
230 303
274 347
141 214
165 238
183 256
73 146
290 363
57 130
50 123
280 353
294 367
276 349
287 360
205 278
264 337
236 309
53 126
231 304
0
36
28
35
72
38
41
59
47
49
64
36
61
52
56
43
40
51
68
65
60
