21
649
0 42 7 20 37 44 24 32 40 6 38 19 2 13 18 15 30 16 32 24 21
42 0 35 22 9 3 40 12 2 38 38 24 42 29 27 32 40 41 12 37 35
7 35 0 13 30 37 23 25 33 4 36 12 7 6 13 10 29 17 25 20 17
20 22 13 0 20 24 31 15 20 16 38 2 20 7 15 10 34 28 15 17 15
37 9 30 20 0 7 32 5 10 34 29 22 37 25 20 30 31 34 5 37 35
44 3 37 24 7 0 39 12 5 40 36 26 44 31 27 34 38 41 12 40 38
24 40 23 31 32 39 0 28 40 27 15 31 26 26 16 33 7 8 28 43 40
32 12 25 15 5 12 28 0 12 29 28 17 32 20 15 25 28 29 0 32 30
40 2 33 20 10 5 40 12 0 36 39 22 40 27 27 30 40 41 12 35 33
6 38 4 16 34 40 27 29 36 0 40 14 5 9 17 9 33 20 29 18 15
38 38 36 38 29 36 15 28 39 40 0 39 40 36 24 43 8 23 28 54 51
19 24 12 2 22 26 31 17 22 14 39 0 19 6 15 8 34 27 17 15 13
2 42 7 20 37 44 26 32 40 5 40 19 0 13 20 14 32 18 32 23 20
13 29 6 7 25 31 26 20 27 9 36 6 13 0 12 7 31 22 20 18 15
18 27 13 15 20 27 16 15 27 17 24 15 20 12 0 19 19 14 15 30 27
15 32 10 10 30 34 33 25 30 9 43 8 14 7 19 0 38 27 25 11 8
30 40 29 34 31 38 7 28 40 33 8 34 32 31 19 38 0 15 28 49 46
16 41 17 28 34 41 8 29 41 20 23 27 18 22 14 27 15 0 29 37 34
32 12 25 15 5 12 28 0 12 29 28 17 32 20 15 25 28 29 0 32 30
24 37 20 17 37 40 43 32 35 18 54 15 23 18 30 11 49 37 32 0 3
21 35 17 15 35 38 40 30 33 15 51 13 20 15 27 8 46 34 30 3 0
0 227
197 197
121 121
78 78
216 216
120 120
109 109
189 189
128 128
68 68
159 159
112 112
46 46
220 220
167 167
21 21
75 75
131 131
191 191
49 49
130 130
0
39
36
49
67
57
37
53
82
55
57
76
26
28
15
56
76
20
70
28
70
