21
650
0 28 43 42 53 50 40 8 22 43 44 27 12 20 45 31 17 13 39 27 18
28 0 19 23 27 24 23 20 6 27 31 11 19 11 20 14 13 16 20 15 13
43 19 0 36 31 28 16 35 23 20 44 17 37 23 2 15 26 30 33 21 31
42 23 36 0 14 13 46 36 28 50 8 34 30 33 36 37 35 35 3 38 26
53 27 31 14 0 3 45 46 33 49 21 37 41 38 30 39 40 43 15 42 36
50 24 28 13 3 0 42 43 30 46 21 34 38 35 27 36 37 40 13 39 33
40 23 16 46 45 42 0 32 22 4 54 13 36 20 18 9 23 27 43 13 30
8 20 35 36 46 43 32 0 14 36 40 19 8 12 37 23 9 5 33 19 10
22 6 23 28 33 30 22 14 0 26 34 9 14 5 25 13 7 10 25 12 8
43 27 20 50 49 46 4 36 26 0 58 17 40 24 22 13 27 31 47 17 34
44 31 44 8 21 21 54 40 34 58 0 42 32 39 44 45 40 39 11 46 30
27 11 17 34 37 34 13 19 9 17 42 0 23 7 19 4 10 14 31 5 17
12 19 37 30 41 38 36 8 14 40 32 23 0 17 39 27 14 11 27 24 6
20 11 23 33 38 35 20 12 5 24 39 7 17 0 25 11 3 7 30 7 12
45 20 2 36 30 27 18 37 25 22 44 19 39 25 0 17 28 32 33 23 33
31 14 15 37 39 36 9 23 13 13 45 4 27 11 17 0 14 18 34 6 21
17 13 26 35 40 37 23 9 7 27 40 10 14 3 28 14 0 4 32 10 11
13 16 30 35 43 40 27 5 10 31 39 14 11 7 32 18 4 0 32 14 9
39 20 33 3 15 13 43 33 25 47 11 31 27 30 33 34 32 32 0 35 23
27 15 21 38 42 39 13 19 12 17 46 5 24 7 23 6 10 14 35 0 19
18 13 31 26 36 33 30 10 8 34 30 17 6 12 33 21 11 9 23 19 0
0 473
179 320
113 254
214 355
227 368
208 349
110 251
17 158
271 412
88 229
30 171
265 406
271 412
156 297
216 357
174 315
300 441
205 346
229 370
190 331
155 296
0
18
24
48
70
62
77
31
72
44
18
19
67
72
40
55
78
72
13
63
57
