21
652
0 25 22 21 3 27 14 28 33 43 38 28 18 18 20 29 7 2 4 27 1
25 0 41 18 23 28 39 25 8 22 21 19 40 37 45 19 21 27 24 26 25
22 41 0 43 25 24 14 27 48 50 44 32 7 4 26 33 29 23 26 49 21
21 18 43 0 18 41 35 39 25 40 39 35 39 39 38 35 14 21 18 8 22
3 23 25 18 0 29 17 29 31 42 38 28 21 21 22 29 4 4 2 24 4
27 28 24 41 29 0 32 4 31 27 21 10 28 21 44 10 32 29 31 49 26
14 39 14 35 17 32 0 35 47 54 49 37 7 13 12 38 21 14 17 41 14
28 25 27 39 29 4 35 0 27 23 17 6 31 24 46 6 32 30 31 47 27
33 8 48 25 31 31 47 27 0 16 18 21 48 44 53 21 29 35 32 32 33
43 22 50 40 42 27 54 23 16 0 6 18 53 46 63 17 42 45 44 48 42
38 21 44 39 38 21 49 17 18 6 0 12 47 40 58 11 39 40 40 47 37
28 19 32 35 28 10 37 6 21 18 12 0 35 29 48 1 30 30 30 43 27
18 40 7 39 21 28 7 31 48 53 47 35 0 7 19 36 25 18 21 45 17
18 37 4 39 21 21 13 24 44 46 40 29 7 0 25 29 25 20 22 45 17
20 45 26 38 22 44 12 46 53 63 58 48 19 25 0 49 25 18 21 40 21
29 19 33 35 29 10 38 6 21 17 11 1 36 29 49 0 31 31 31 43 28
7 21 29 14 4 32 21 32 29 42 39 30 25 25 25 31 0 7 4 20 8
2 27 23 21 4 29 14 30 35 45 40 30 18 20 18 31 7 0 3 27 3
4 24 26 18 2 31 17 31 32 44 40 30 21 22 21 31 4 3 0 24 5
27 26 49 8 24 49 41 47 32 48 47 43 45 45 40 43 20 27 24 0 28
1 25 21 22 4 26 14 27 33 42 37 27 17 17 21 28 8 3 5 28 0
0 280
141 169
180 208
88 116
165 193
111 139
24 52
208 236
44 72
95 123
159 187
35 63
207 235
100 128
141 169
42 70
217 245
175 203
20 48
211 239
123 151
0
36
36
59
79
50
33
89
78
54
30
33
71
57
20
23
23
55
27
75
74
