21
652
0 19 22 21 6 12 36 23 6 1 27 8 25 37 19 8 20 22 36 27 37
19 0 41 37 25 31 44 32 25 19 45 26 41 47 38 26 38 40 46 46 55
22 41 0 13 17 14 34 25 16 23 7 18 13 29 5 15 10 18 28 5 15
21 37 13 0 20 21 21 13 16 22 11 22 4 17 17 13 3 30 16 17 20
6 25 17 20 0 6 37 24 4 6 23 2 24 36 14 7 19 16 35 22 32
12 31 14 21 6 0 42 29 9 12 21 5 24 38 9 12 19 10 37 17 28
36 44 34 21 37 42 0 13 33 37 30 39 22 8 38 30 24 51 9 38 37
23 32 25 13 24 29 13 0 20 24 23 26 16 15 28 17 15 39 14 29 33
6 25 16 16 4 9 33 20 0 7 21 6 20 32 14 3 15 19 31 21 31
1 19 23 22 6 12 37 24 7 0 28 7 26 38 20 9 21 21 37 28 38
27 45 7 11 23 21 30 23 21 28 0 25 8 24 12 19 8 25 23 8 10
8 26 18 22 2 5 39 26 6 7 25 0 26 38 14 9 21 14 37 22 33
25 41 13 4 24 24 22 16 20 26 8 26 0 16 18 17 5 31 15 16 17
37 47 29 17 36 38 8 15 32 38 24 38 16 0 34 29 20 47 1 32 29
19 38 5 17 14 9 38 28 14 20 12 14 18 34 0 14 14 13 33 8 19
8 26 15 13 7 12 30 17 3 9 19 9 17 29 14 0 12 22 28 20 29
20 38 10 3 19 19 24 15 15 21 8 21 5 20 14 12 0 27 19 14 18
22 40 18 30 16 10 51 39 19 21 25 14 31 47 13 22 27 0 46 20 31
36 46 28 16 35 37 9 14 31 37 23 37 15 1 33 28 19 46 0 31 28
27 46 5 17 22 17 38 29 21 28 8 22 16 32 8 20 14 20 31 0 11
37 55 15 20 32 28 37 33 31 38 10 33 17 29 19 29 18 31 28 11 0
0 473
145 381
14 250
152 388
58 294
236 472
231 467
208 444
219 455
126 362
71 307
130 366
122 358
140 376
84 320
202 438
232 468
84 320
108 344
207 443
223 459
0
87
41
50
32
20
42
42
61
18
25
73
35
58
74
38
58
64
55
79
50
