21
650
0 25 29 23 4 35 50 49 16 13 44 30 22 25 19 17 14 6 36 47 16
25 0 42 20 22 40 49 50 12 18 26 34 14 8 39 20 13 31 30 27 11
29 42 0 24 27 12 29 27 42 41 46 13 48 37 14 45 29 25 27 50 31
23 20 24 0 19 20 30 30 25 28 24 14 30 13 28 32 12 26 13 27 13
4 22 27 19 0 32 46 45 16 14 40 26 22 21 19 18 10 9 32 43 12
35 40 12 20 32 0 17 15 43 45 37 6 49 33 26 49 30 33 18 41 32
50 49 29 30 46 17 0 2 55 58 35 20 60 41 43 62 42 49 19 39 43
49 50 27 30 45 15 2 0 55 58 37 19 60 42 41 62 42 48 20 41 43
16 12 42 25 16 43 55 55 0 6 38 37 6 17 35 8 13 22 38 39 12
13 18 41 28 14 45 58 58 6 0 44 40 9 23 32 4 16 19 41 45 16
44 26 46 24 40 37 35 37 38 44 0 33 40 21 52 46 31 49 19 4 29
30 34 13 14 26 6 20 19 37 40 33 0 43 27 24 44 24 29 14 37 26
22 14 48 30 22 49 60 60 6 9 40 43 0 20 41 8 19 28 42 40 17
25 8 37 13 21 33 41 42 17 23 21 27 20 0 37 25 11 29 22 22 9
19 39 14 28 19 26 43 41 35 32 52 24 41 37 0 36 26 13 38 55 28
17 20 45 32 18 49 62 62 8 4 46 44 8 25 36 0 20 23 45 47 19
14 13 29 12 10 30 42 42 13 16 31 24 19 11 26 20 0 18 25 33 2
6 31 25 26 9 33 49 48 22 19 49 29 28 29 13 23 18 0 39 51 20
36 30 27 13 32 18 19 20 38 41 19 14 42 22 38 45 25 39 0 23 26
47 27 50 27 43 41 39 41 39 45 4 37 40 22 55 47 33 51 23 0 31
16 11 31 13 12 32 43 43 12 16 29 26 17 9 28 19 2 20 26 31 0
0 315
177 303
93 219
70 196
50 176
21 147
0 126
112 238
140 266
11 137
53 179
136 262
148 274
138 264
15 141
91 217
76 202
185 311
7 133
72 198
70 196
0
66
40
72
22
75
38
53
12
35
22
40
63
58
33
63
78
82
31
74
43
