21
651
0 41 31 23 9 15 46 9 8 34 26 35 40 22 20 27 13 30 13 15 34
41 0 29 18 38 28 36 50 36 10 15 9 12 24 43 16 50 40 50 27 24
31 29 0 17 22 30 58 40 23 19 19 20 38 34 46 16 44 50 44 17 44
23 18 17 0 20 15 41 32 18 11 3 12 23 17 32 4 34 34 34 9 27
9 38 22 20 0 19 51 18 2 31 23 32 42 26 29 24 22 38 22 11 38
15 28 30 15 19 0 32 22 17 24 16 25 25 7 17 19 22 20 22 14 19
46 36 58 41 51 32 0 49 49 43 39 43 24 25 31 42 45 20 45 45 14
9 50 40 32 18 22 49 0 17 43 35 44 47 29 19 36 5 30 5 24 40
8 36 23 18 2 17 49 17 0 29 21 30 40 24 27 22 21 36 21 9 36
34 10 19 11 31 24 43 43 29 0 8 1 20 24 41 7 45 41 45 20 29
26 15 19 3 23 16 39 35 21 8 0 9 20 17 33 3 37 34 37 12 25
35 9 20 12 32 25 43 44 30 1 9 0 19 24 42 8 46 41 46 21 29
40 12 38 23 42 25 24 47 40 20 20 19 0 18 37 22 45 30 45 31 13
22 24 34 17 26 7 25 29 24 24 17 24 18 0 19 20 27 17 27 20 12
20 43 46 32 29 17 31 19 27 41 33 42 37 19 0 36 14 11 14 29 26
27 16 16 4 24 19 42 36 22 7 3 8 22 20 36 0 38 37 38 13 28
13 50 44 34 22 22 45 5 21 45 37 46 45 27 14 38 0 25 0 27 38
30 40 50 34 38 20 20 30 36 41 34 41 30 17 11 37 25 0 25 34 18
13 50 44 34 22 22 45 5 21 45 37 46 45 27 14 38 0 25 0 27 38
15 27 17 9 11 14 45 24 9 20 12 21 31 20 29 13 27 34 27 0 32
34 24 44 27 38 19 14 40 36 29 25 29 13 12 26 28 38 18 38 32 0
0 333
85 85
313 313
72 72
10 10
320 320
117 117
10 10
191 191
313 313
191 191
38 38
178 178
300 300
77 77
111 111
145 145
146 146
300 300
2 2
27 27
0
46
37
31
82
89
76
20
35
34
64
36
29
24
50
45
50
80
56
81
36
