21
649
0 15 37 26 17 23 14 13 26 16 10 1 4 7 13 20 37 20 20 27 7
15 0 24 14 30 24 15 7 12 17 5 16 16 22 11 29 24 18 8 20 22
37 24 0 12 47 31 28 24 22 28 28 38 39 43 34 52 4 25 17 36 44
26 14 12 0 35 19 16 13 20 16 17 27 28 32 25 43 11 13 6 33 33
17 30 47 35 0 21 19 24 41 19 25 18 21 11 30 33 45 23 31 44 16
23 24 31 19 21 0 9 17 35 7 22 24 27 24 31 43 28 7 19 43 29
14 15 28 16 19 9 0 8 27 2 13 15 18 17 22 34 27 6 12 34 20
13 7 24 13 24 17 8 0 19 10 6 14 16 19 15 31 24 11 7 27 20
26 12 22 20 41 35 27 19 0 29 16 26 25 33 16 34 25 28 16 14 31
16 17 28 16 19 7 2 10 29 0 15 17 20 19 24 36 26 4 13 36 22
10 5 28 17 25 22 13 6 16 15 0 11 11 17 9 26 28 17 11 21 17
1 16 38 27 18 24 15 14 26 17 11 0 3 7 12 19 38 21 21 26 6
4 16 39 28 21 27 18 16 25 20 11 3 0 10 10 16 39 24 22 24 6
7 22 43 32 11 24 17 19 33 19 17 7 10 0 19 22 43 23 26 33 5
13 11 34 25 30 31 22 15 16 24 9 12 10 19 0 18 35 26 19 14 16
20 29 52 43 33 43 34 31 34 36 26 19 16 22 18 0 53 40 37 24 17
37 24 4 11 45 28 27 24 25 26 28 38 39 43 35 53 0 22 17 39 44
20 18 25 13 23 7 6 11 28 4 17 21 24 23 26 40 22 0 12 38 26
20 8 17 6 31 19 12 7 16 13 11 21 22 26 19 37 17 12 0 28 27
27 20 36 33 44 43 34 27 14 36 21 26 24 33 14 24 39 38 28 0 30
7 22 44 33 16 29 20 20 31 22 17 6 6 5 16 17 44 26 27 30 0
0 368
118 265
72 219
140 287
174 321
91 238
51 198
209 356
42 189
166 313
135 282
75 222
150 297
180 327
134 281
148 295
220 367
171 318
29 176
18 165
22 169
0
66
97
16
67
53
18
52
13
40
44
35
45
44
44
55
62
84
37
61
64
