21
650
0 10 11 14 47 36 35 37 36 19 34 35 7 27 9 26 10 24 27 16 36
10 0 17 4 37 27 30 30 29 12 30 25 4 21 8 16 1 17 22 15 31
11 17 0 20 51 36 29 46 45 28 44 41 16 21 19 32 16 22 21 10 30
14 4 20 0 33 23 28 29 29 13 31 21 8 19 12 12 4 14 20 16 28
47 37 51 33 0 20 40 30 34 33 44 12 40 36 42 21 37 32 37 43 37
36 27 36 23 20 0 20 39 42 33 48 19 31 16 35 19 26 14 17 26 17
35 30 29 28 40 20 0 54 56 41 59 37 34 9 38 33 29 14 8 19 3
37 30 46 29 30 39 54 0 4 18 14 21 30 45 29 21 31 40 46 45 53
36 29 45 29 34 42 56 4 0 17 10 24 29 47 27 24 30 42 48 44 56
19 12 28 13 33 33 41 18 17 0 18 21 12 32 11 14 13 27 33 27 41
34 30 44 31 44 48 59 14 10 18 0 33 28 50 25 29 31 45 51 45 59
35 25 41 21 12 19 37 21 24 21 33 0 28 30 30 9 25 25 31 34 35
7 4 16 8 40 31 34 30 29 12 28 28 0 25 4 19 5 21 26 18 35
27 21 21 19 36 16 9 45 47 32 50 30 25 0 29 24 20 5 1 11 10
9 8 19 12 42 35 38 29 27 11 25 30 4 29 0 21 9 25 30 22 39
26 16 32 12 21 19 33 21 24 14 29 9 19 24 21 0 16 19 25 26 32
10 1 16 4 37 26 29 31 30 13 31 25 5 20 9 16 0 16 21 14 30
24 17 22 14 32 14 14 40 42 27 45 25 21 5 25 19 16 0 6 12 14
27 22 21 20 37 17 8 46 48 33 51 31 26 1 30 25 21 6 0 11 9
16 15 10 16 43 26 19 45 44 27 45 34 18 11 22 26 14 12 11 0 20
36 31 30 28 37 17 3 53 56 41 59 35 35 10 39 32 30 14 9 20 0
0 175
39 39
135 135
166 166
152 152
118 118
104 104
157 157
144 144
113 113
45 45
108 108
93 93
125 125
148 148
94 94
129 129
94 94
51 51
22 22
1 1
0
24
72
64
33
68
58
36
32
67
53
28
50
34
68
38
73
48
30
55
68
