21
651
0 42 28 49 33 6 41 38 48 55 33 31 34 32 46 28 8 22 19 31 30
42 0 17 42 9 46 8 4 42 13 42 18 13 41 32 20 36 32 53 24 21
28 17 0 47 11 33 21 14 47 30 41 19 6 40 39 3 25 15 43 26 5
49 42 47 0 39 48 34 40 1 44 18 28 49 18 10 50 41 58 42 21 52
33 9 11 39 0 37 10 5 39 22 35 11 10 34 30 14 27 25 44 18 16
6 46 33 48 37 0 44 42 47 59 31 33 39 30 46 33 10 28 13 33 35
41 8 21 34 10 44 0 7 34 15 35 12 18 34 24 24 34 35 48 17 25
38 4 14 40 5 42 7 0 40 17 38 14 11 37 30 17 32 29 49 21 18
48 42 47 1 39 47 34 40 0 45 17 28 49 17 11 50 40 58 41 21 52
55 13 30 44 22 59 15 17 45 0 50 27 25 49 34 33 49 45 63 32 33
33 42 41 18 35 31 35 38 17 50 0 24 45 1 21 43 25 47 24 18 45
31 18 19 28 11 33 12 14 28 27 24 0 21 23 20 22 23 31 36 7 24
34 13 6 49 10 39 18 11 49 25 45 21 0 44 40 8 31 20 49 28 8
32 41 40 18 34 30 34 37 17 49 1 23 44 0 21 42 24 46 24 17 44
46 32 39 10 30 46 24 30 11 34 21 20 40 21 0 42 38 51 44 15 44
28 20 3 50 14 33 24 17 50 33 43 22 8 42 42 0 25 12 43 29 2
8 36 25 41 27 10 34 32 40 49 25 23 31 24 38 25 0 24 18 23 27
22 32 15 58 25 28 35 29 58 45 47 31 20 46 51 12 24 0 41 37 12
19 53 43 42 44 13 48 49 41 63 24 36 49 24 44 43 18 41 0 34 45
31 24 26 21 18 33 17 21 21 32 18 7 28 17 15 29 23 37 34 0 31
30 21 5 52 16 35 25 18 52 33 45 24 8 44 44 2 27 12 45 31 0
0 525
86 296
5 215
277 487
30 240
285 495
205 415
285 495
181 391
253 463
18 228
144 354
300 510
132 342
240 450
2 212
191 401
240 450
299 509
19 229
20 230
0
82
37
53
82
44
77
40
56
47
51
40
31
55
57
25
53
35
79
17
40
