21
651
0 35 35 36 42 18 33 13 40 25 31 9 7 29 32 40 6 38 18 29 30
35 0 18 13 16 18 24 22 28 16 9 26 31 9 9 22 31 14 25 19 6
35 18 0 31 34 17 41 23 10 31 26 26 36 25 9 5 31 7 19 35 13
36 13 31 0 6 26 12 26 41 11 6 30 30 8 22 35 35 27 33 10 18
42 16 34 6 0 32 16 32 44 17 12 36 36 14 25 38 41 30 39 16 22
18 18 17 26 32 0 30 6 24 19 20 9 19 18 14 22 14 20 7 24 13
33 24 41 12 16 30 0 28 51 11 15 31 26 16 32 46 35 38 37 6 28
13 22 23 26 32 6 28 0 30 17 20 4 13 18 19 28 9 26 9 22 17
40 28 10 41 44 24 51 30 0 41 36 32 43 35 19 8 34 16 22 45 23
25 16 31 11 17 19 11 17 41 0 8 20 19 7 22 36 25 29 26 5 18
31 9 26 6 12 20 15 20 36 8 0 24 26 2 17 31 29 23 27 10 13
9 26 26 30 36 9 31 4 32 20 24 0 11 22 23 31 5 29 10 25 21
7 31 36 30 36 19 26 13 43 19 26 11 0 24 31 41 11 38 21 22 28
29 9 25 8 14 18 16 18 35 7 2 22 24 0 16 30 27 23 25 10 12
32 9 9 22 25 14 32 19 19 22 17 23 31 16 0 14 28 7 19 26 4
40 22 5 35 38 22 46 28 8 36 31 31 41 30 14 0 36 8 24 40 18
6 31 31 35 41 14 35 9 34 25 29 5 11 27 28 36 0 34 12 30 26
38 14 7 27 30 20 38 26 16 29 23 29 38 23 7 8 34 0 24 33 11
18 25 19 33 39 7 37 9 22 26 27 10 21 25 19 24 12 24 0 31 19
29 19 35 10 16 24 6 22 45 5 10 25 22 10 26 40 30 33 31 0 22
30 6 13 18 22 13 28 17 23 18 13 21 28 12 4 18 26 11 19 22 0
0 175
108 160
100 152
22 74
78 130
95 147
20 72
95 147
32 84
31 83
40 92
53 105
77 129
109 161
93 145
107 159
97 149
16 68
73 125
119 171
55 107
0
44
38
37
63
81
19
62
51
80
47
40
55
67
52
66
41
29
14
51
64
