21
650
0 13 26 40 42 23 27 38 37 23 7 15 49 25 24 28 44 34 32 20 26
13 0 17 32 43 32 33 35 38 10 20 15 41 12 26 27 36 26 26 13 13
26 17 0 15 31 34 32 20 27 13 32 15 24 14 23 16 19 9 10 6 12
40 32 15 0 25 41 36 14 24 27 45 27 9 27 27 18 4 6 10 20 25
42 43 31 25 0 30 22 11 5 44 42 28 27 45 18 16 23 26 21 31 43
23 32 34 41 30 0 8 32 25 40 19 19 48 42 14 23 42 37 31 28 41
27 33 32 36 22 8 0 25 17 39 25 18 42 41 9 18 37 32 26 27 40
38 35 20 14 11 32 25 0 10 33 41 23 17 34 18 10 12 15 10 22 32
37 38 27 24 5 25 17 10 0 39 37 23 27 40 13 11 22 24 18 26 39
23 10 13 27 44 40 39 33 39 0 30 21 36 2 31 28 31 21 23 13 3
7 20 32 45 42 19 25 41 37 30 0 18 53 32 24 31 47 39 35 26 33
15 15 15 27 28 19 18 23 23 21 18 0 35 23 11 13 29 21 17 9 22
49 41 24 9 27 48 42 17 27 36 53 35 0 36 34 25 6 15 18 29 34
25 12 14 27 45 42 41 34 40 2 32 23 36 0 32 29 31 22 24 14 2
24 26 23 27 18 14 9 18 13 31 24 11 34 32 0 9 28 23 17 18 31
28 27 16 18 16 23 18 10 11 28 31 13 25 29 9 0 19 14 8 15 28
44 36 19 4 23 42 37 12 22 31 47 29 6 31 28 19 0 10 12 24 29
34 26 9 6 26 37 32 15 24 21 39 21 15 22 23 14 10 0 6 14 20
32 26 10 10 21 31 26 10 18 23 35 17 18 24 17 8 12 6 0 13 22
20 13 6 20 31 28 27 22 26 13 26 9 29 14 18 15 24 14 13 0 13
26 13 12 25 43 41 40 32 39 3 33 22 34 2 31 28 29 20 22 13 0
0 280
187 271
87 171
25 109
8 92
65 149
164 248
140 224
193 277
141 225
142 226
120 204
59 143
4 88
77 161
188 272
140 224
47 131
145 229
20 104
52 136
0
55
73
81
27
76
27
32
40
59
56
43
13
46
74
41
49
44
59
70
35
