21
649
0 34 26 48 9 35 17 10 42 13 39 34 26 53 34 14 46 36 48 11 44
34 0 11 16 34 1 31 24 25 21 26 11 9 21 3 23 13 9 16 23 15
26 11 0 22 28 12 28 16 20 14 20 8 10 27 13 19 24 19 22 16 26
48 16 22 0 50 16 47 38 21 36 24 14 25 5 18 39 18 22 0 38 24
9 34 28 50 0 35 8 13 46 14 44 36 25 55 33 11 45 34 50 12 42
35 1 12 16 35 0 32 25 26 22 27 12 10 21 2 24 12 8 16 24 14
17 31 28 47 8 32 0 16 47 15 46 36 22 52 30 9 40 29 47 13 35
10 24 16 38 13 25 16 0 33 3 31 24 16 43 24 8 36 26 38 3 34
42 25 20 21 46 26 47 33 0 32 4 14 30 24 28 38 37 34 21 34 40
13 21 14 36 14 22 15 3 32 0 31 22 13 41 21 6 33 23 36 2 31
39 26 20 24 44 27 46 31 4 31 0 15 30 28 29 37 39 35 24 33 41
34 11 8 14 36 12 36 24 14 22 15 0 17 19 14 27 24 20 14 24 26
26 9 10 25 25 10 22 16 30 13 30 17 0 30 8 14 20 10 25 15 18
53 21 27 5 55 21 52 43 24 41 28 19 30 0 23 44 21 27 5 43 28
34 3 13 18 33 2 30 24 28 21 29 14 8 23 0 22 12 6 18 23 13
14 23 19 39 11 24 9 8 38 6 37 27 14 44 22 0 34 23 39 5 31
46 13 24 18 45 12 40 36 37 33 39 24 20 21 12 34 0 11 18 35 7
36 9 19 22 34 8 29 26 34 23 35 20 10 27 6 23 11 0 22 25 8
48 16 22 0 50 16 47 38 21 36 24 14 25 5 18 39 18 22 0 38 24
11 23 16 38 12 24 13 3 34 2 33 24 15 43 23 5 35 25 38 0 33
44 15 26 24 42 14 35 34 40 31 41 26 18 28 13 31 7 8 24 33 0
0 473
378 378
221 221
370 370
117 117
350 350
320 320
277 277
395 395
377 377
236 236
18 18
159 159
70 70
243 243
100 100
445 445
175 175
211 211
6 6
75 75
0
26
36
23
52
20
83
48
65
65
24
74
35
53
80
48
19
44
60
60
83
