21
650
0 45 42 37 30 42 49 23 31 17 5 17 39 14 34 16 32 15 32 33 25
45 0 5 10 49 5 45 59 48 31 40 44 8 33 15 29 13 56 20 47 25
42 5 0 5 44 0 40 54 43 29 37 39 3 28 10 26 11 51 15 42 20
37 10 5 0 39 5 38 49 38 25 32 34 2 23 5 21 8 46 10 37 15
30 49 44 39 0 44 22 18 1 39 31 13 41 25 34 34 41 22 29 4 25
42 5 0 5 44 0 40 54 43 29 37 39 3 28 10 26 11 51 15 42 20
49 45 40 38 22 40 0 40 21 51 49 33 39 38 33 45 44 44 28 18 30
23 59 54 49 18 54 40 0 19 39 27 15 51 28 44 36 49 8 40 22 34
31 48 43 38 1 43 21 19 0 39 32 14 40 25 33 34 40 23 28 3 24
17 31 29 25 39 29 51 39 39 0 12 27 27 14 25 6 18 32 26 40 21
5 40 37 32 31 37 49 27 32 12 0 18 34 11 30 11 27 20 29 34 22
17 44 39 34 13 39 33 15 14 27 18 0 36 14 29 22 34 13 25 16 19
39 8 3 2 41 3 39 51 40 27 34 36 0 25 7 23 9 48 12 39 17
14 33 28 23 25 28 38 28 25 14 11 14 25 0 20 9 21 23 18 26 11
34 15 10 5 34 10 33 44 33 25 30 29 7 20 0 20 11 42 5 32 10
16 29 26 21 34 26 45 36 34 6 11 22 23 9 20 0 16 30 21 35 15
32 13 11 8 41 11 44 49 40 18 27 34 9 21 11 16 0 44 16 40 16
15 56 51 46 22 51 44 8 23 32 20 13 48 23 42 30 44 0 38 26 32
32 20 15 10 29 15 28 40 28 26 29 25 12 18 5 21 16 38 0 27 7
33 47 42 37 4 42 18 22 3 40 34 16 39 26 32 35 40 26 27 0 24
25 25 20 15 25 20 30 34 24 21 22 19 17 11 10 15 16 32 7 24 0
0 175
27 44
17 34
136 153
137 154
137 154
75 92
144 161
63 80
130 147
139 156
153 170
20 37
126 143
26 43
38 55
109 126
12 29
13 30
90 107
89 106
0
66
48
72
15
30
53
34
27
69
32
92
64
53
15
70
79
51
76
33
20
