21
650
0 28 1 41 30 38 43 10 26 12 38 39 46 24 14 30 33 13 43 32 49
28 0 27 18 6 12 15 18 10 22 32 13 39 23 14 3 11 27 21 5 21
1 27 0 41 29 38 42 10 26 11 39 38 47 25 13 30 33 14 43 32 48
41 18 41 0 23 6 16 31 15 39 22 24 25 23 30 15 8 34 3 13 19
30 6 29 23 0 17 15 22 16 21 38 9 45 29 16 9 17 32 26 10 21
38 12 38 6 17 0 11 28 12 34 26 18 30 22 26 9 5 32 9 7 16
43 15 42 16 15 11 0 33 20 36 37 10 41 33 29 13 16 40 19 11 6
10 18 10 31 22 28 33 0 16 12 31 31 39 17 6 21 23 11 33 23 39
26 10 26 15 16 12 20 16 0 24 23 21 30 13 15 8 7 20 17 9 26
12 22 11 39 21 34 36 12 24 0 43 30 51 29 9 25 31 22 41 27 42
38 32 39 22 38 26 37 31 23 43 0 43 8 14 35 30 22 26 20 30 41
39 13 38 24 9 18 10 31 21 30 43 0 48 34 25 13 21 40 27 13 13
46 39 47 25 45 30 41 39 30 51 8 48 0 22 43 36 28 34 22 36 44
24 23 25 23 29 22 33 17 13 29 14 34 22 0 21 21 17 13 23 22 38
14 14 13 30 16 26 29 6 15 9 35 25 43 21 0 17 22 17 32 19 35
30 3 30 15 9 9 13 21 8 25 30 13 36 21 17 0 8 28 18 2 19
33 11 33 8 17 5 16 23 7 31 22 21 28 17 22 8 0 27 11 8 21
13 27 14 34 32 32 40 11 20 22 26 40 34 13 17 28 27 0 35 29 46
43 21 43 3 26 9 19 33 17 41 20 27 22 23 32 18 11 35 0 16 22
32 5 32 13 10 7 11 23 9 27 30 13 36 22 19 2 8 29 16 0 17
49 21 48 19 21 16 6 39 26 42 41 13 44 38 35 19 21 46 22 17 0
0 262
121 173
181 233
177 229
28 80
68 120
38 90
59 111
138 190
114 166
176 228
203 255
208 260
166 218
42 94
124 176
9 61
68 120
107 159
118 170
61 113
0
54
28
64
49
69
38
77
36
58
58
48
64
42
46
44
45
27
54
56
43
