21
651
0 23 28 5 50 28 20 23 6 8 13 17 6 18 24 14 36 16 33 32 31
23 0 14 21 27 9 5 20 22 16 16 6 28 8 2 10 17 17 19 24 35
28 14 0 23 24 6 12 33 24 24 15 16 34 21 12 20 9 29 5 38 23
5 21 23 0 46 24 17 26 1 10 8 15 11 19 21 14 32 19 28 35 26
50 27 24 46 0 22 30 44 47 43 38 33 55 35 26 37 15 44 23 44 45
28 9 6 24 22 0 8 29 25 21 16 12 33 17 7 16 9 25 10 33 28
20 5 12 17 30 8 0 21 18 13 11 4 25 9 4 8 17 17 17 27 30
23 20 33 26 44 29 21 0 27 16 27 18 24 12 22 15 37 7 38 9 49
6 22 24 1 47 25 18 27 0 11 9 16 11 20 22 15 33 20 29 36 25
8 16 24 10 43 21 13 16 11 0 12 10 12 10 17 6 30 9 29 25 34
13 16 15 8 38 16 11 27 9 12 0 11 19 17 15 12 24 20 20 35 22
17 6 16 15 33 12 4 18 16 10 11 0 22 6 7 4 21 13 21 24 32
6 28 34 11 55 33 25 24 11 12 19 22 0 22 29 18 42 17 39 33 36
18 8 21 19 35 17 9 12 20 10 17 6 22 0 10 5 25 9 26 18 38
24 2 12 21 26 7 4 22 22 17 15 7 29 10 0 11 15 19 17 26 33
14 10 20 14 37 16 8 15 15 6 12 4 18 5 11 0 25 9 25 23 34
36 17 9 32 15 9 17 37 33 30 24 21 42 25 15 25 0 34 8 40 30
16 17 29 19 44 25 17 7 20 9 20 13 17 9 19 9 34 0 34 16 42
33 19 5 28 23 10 17 38 29 29 20 21 39 26 17 25 8 34 0 43 22
32 24 38 35 44 33 27 9 36 25 35 24 33 18 26 23 40 16 43 0 56
31 35 23 26 45 28 30 49 25 34 22 32 36 38 33 34 30 42 22 56 0
0 315
0 157
146 303
42 199
116 273
3 160
7 164
143 300
17 174
138 295
68 225
103 260
93 250
132 289
21 178
115 272
81 238
95 252
33 190
128 285
43 200
0
66
56
67
31
77
50
48
51
70
31
59
14
11
44
73
28
69
46
51
59
