21
650
0 43 12 18 10 17 16 14 15 10 20 7 7 12 24 7 39 40 5 32 18
43 0 54 25 34 32 49 40 28 51 53 46 46 36 20 46 26 4 45 45 37
12 54 0 30 22 29 11 25 27 3 13 16 8 24 34 16 45 51 15 31 29
18 25 30 0 9 10 30 17 3 27 34 21 22 11 10 21 29 22 20 35 15
10 34 22 9 0 7 25 9 7 20 29 12 16 3 18 12 36 31 11 36 9
17 32 29 10 7 0 32 8 9 27 36 16 23 5 20 16 39 28 16 42 5
16 49 11 30 25 32 0 30 27 9 4 23 9 28 29 23 36 47 21 20 34
14 40 25 17 9 8 30 0 15 23 34 9 21 6 26 9 45 36 10 45 4
15 28 27 3 7 9 27 15 0 24 31 19 19 9 11 19 30 25 17 33 14
10 51 3 27 20 27 9 23 24 0 12 15 5 22 31 15 42 48 13 29 27
20 53 13 34 29 36 4 34 31 12 0 27 13 32 33 27 38 51 25 20 38
7 46 16 21 12 16 23 9 19 15 27 0 14 11 30 0 46 43 2 39 13
7 46 8 22 16 23 9 21 19 5 13 14 0 19 26 14 37 43 12 26 25
12 36 24 11 3 5 28 6 9 22 32 11 19 0 20 11 39 32 11 39 6
24 20 34 10 18 20 29 26 11 31 33 30 26 20 0 30 19 18 28 28 25
7 46 16 21 12 16 23 9 19 15 27 0 14 11 30 0 46 43 2 39 13
39 26 45 29 36 39 36 45 30 42 38 46 37 39 19 46 0 28 44 22 44
40 4 51 22 31 28 47 36 25 48 51 43 43 32 18 43 28 0 42 45 33
5 45 15 20 11 16 21 10 17 13 25 2 12 11 28 2 44 42 0 37 14
32 45 31 35 36 42 20 45 33 29 20 39 26 39 28 39 22 45 37 0 45
18 37 29 15 9 5 34 4 14 27 38 13 25 6 25 13 44 33 14 45 0
0 227
117 162
46 91
138 183
31 76
40 85
50 95
144 189
56 101
37 82
69 114
5 50
100 145
61 106
135 180
55 100
126 171
27 72
30 75
66 111
73 118
0
38
44
44
75
23
32
70
52
77
30
22
63
51
73
59
44
54
42
50
57
