21
651
0 18 12 29 23 6 18 28 8 20 27 12 24 16 25 19 14 21 7 19 29
18 0 25 39 25 14 17 46 26 38 45 10 42 31 43 25 14 36 25 12 32
12 25 0 39 35 18 30 24 10 20 22 23 24 6 21 9 26 11 10 30 19
29 39 39 0 18 28 25 36 29 28 37 29 27 39 35 48 25 41 29 30 58
23 25 35 18 0 18 8 44 29 35 44 15 36 39 42 41 11 42 28 13 51
6 14 18 28 18 0 12 34 14 26 33 6 29 22 31 23 8 27 13 13 33
18 17 30 25 8 12 0 44 26 35 44 8 37 34 42 35 4 39 25 5 45
28 46 24 36 44 34 44 0 20 9 4 40 9 18 3 32 41 15 21 47 40
8 26 10 29 29 14 26 20 0 12 19 20 16 10 17 19 22 13 1 27 29
20 38 20 28 35 26 35 9 12 0 9 32 4 16 7 29 32 15 13 38 38
27 45 22 37 44 33 44 4 19 9 0 39 11 16 2 30 40 12 20 46 37
12 10 23 29 15 6 8 40 20 32 39 0 35 28 37 27 4 33 19 7 37
24 42 24 27 36 29 37 9 16 4 11 35 0 20 9 33 34 18 17 40 42
16 31 6 39 39 22 34 18 10 16 16 28 20 0 15 14 30 5 11 35 22
25 43 21 35 42 31 42 3 17 7 2 37 9 15 0 29 38 12 18 44 37
19 25 9 48 41 23 35 32 19 29 30 27 33 14 29 0 31 18 19 34 10
14 14 26 25 11 8 4 41 22 32 40 4 34 30 38 31 0 35 21 6 41
21 36 11 41 42 27 39 15 13 15 12 33 18 5 12 18 35 0 14 40 25
7 25 10 29 28 13 25 21 1 13 20 19 17 11 18 19 21 14 0 26 29
19 12 30 30 13 13 5 47 27 38 46 7 40 35 44 34 6 40 26 0 43
29 32 19 58 51 33 45 40 29 38 37 37 42 22 37 10 41 25 29 43 0
0 455
298 343
166 211
132 177
160 205
221 266
396 441
58 103
348 393
317 362
148 193
195 240
131 176
172 217
219 264
95 140
216 261
84 129
154 199
283 328
403 448
0
55
40
28
48
39
38
56
74
55
74
55
68
38
74
17
50
30
55
62
45
