21
650
0 22 23 13 33 24 24 37 9 19 10 26 29 19 30 25 22 9 14 21 33
22 0 37 29 32 38 43 36 17 40 32 27 48 25 38 6 7 31 36 43 54
23 37 0 10 21 1 9 21 32 12 17 16 13 12 9 34 31 27 21 30 20
13 29 10 0 24 11 14 27 22 11 8 17 19 10 17 28 25 17 13 23 25
33 32 21 24 0 20 30 4 38 33 32 7 33 14 12 27 25 40 37 47 41
24 38 1 11 20 0 10 20 33 13 18 15 13 13 8 35 32 28 22 31 21
24 43 9 14 30 10 0 30 33 5 14 25 5 21 18 42 39 24 15 24 11
37 36 21 27 4 20 30 0 42 33 35 11 33 18 12 31 29 44 40 50 41
9 17 32 22 38 33 33 42 0 28 19 31 38 25 37 21 20 15 22 27 42
19 40 12 11 33 13 5 33 28 0 9 26 10 21 21 39 36 19 10 19 14
10 32 17 8 32 18 14 35 19 9 0 25 19 18 25 33 30 10 5 15 23
26 27 16 17 7 15 25 11 31 26 25 0 28 7 11 23 20 33 30 40 36
29 48 13 19 33 13 5 33 38 10 19 28 0 25 21 47 44 29 20 27 8
19 25 12 10 14 13 21 18 25 21 18 7 25 0 13 22 19 26 23 33 32
30 38 9 17 12 8 18 12 37 21 25 11 21 13 0 34 31 34 30 39 29
25 6 34 28 27 35 42 31 21 39 33 23 47 22 34 0 3 34 38 46 53
22 7 31 25 25 32 39 29 20 36 30 20 44 19 31 3 0 31 35 43 50
9 31 27 17 40 28 24 44 15 19 10 33 29 26 34 34 31 0 9 12 31
14 36 21 13 37 22 15 40 22 10 5 30 20 23 30 38 35 9 0 10 22
21 43 30 23 47 31 24 50 27 19 15 40 27 33 39 46 43 12 10 0 26
33 54 20 25 41 21 11 41 42 14 23 36 8 32 29 53 50 31 22 26 0
0 350
104 209
144 249
213 318
162 267
155 260
26 131
115 220
235 340
52 157
109 214
51 156
124 229
178 283
218 323
241 346
197 302
143 248
228 333
166 271
230 335
0
38
48
62
68
78
70
40
74
44
31
30
74
23
23
28
36
56
70
63
43
