21
651
0 29 35 6 34 23 27 34 10 34 8 25 33 37 21 22 39 4 16 34 30
29 0 36 35 9 11 51 44 34 18 37 12 35 59 35 48 40 28 36 24 35
35 36 0 35 31 25 32 12 27 21 39 24 2 34 15 36 4 39 21 15 5
6 35 35 0 39 28 22 33 8 38 4 30 33 32 20 16 39 9 14 37 30
34 9 31 39 0 11 51 40 36 11 42 10 31 58 34 50 34 34 36 17 31
23 11 25 28 11 0 40 33 25 11 31 2 24 48 24 39 29 24 25 14 24
27 51 32 22 51 40 0 23 17 46 25 41 30 10 18 9 36 31 15 42 27
34 44 12 33 40 33 23 0 25 31 37 32 11 22 13 29 14 38 19 26 9
10 34 27 8 36 25 17 25 0 34 12 27 25 27 12 14 31 14 6 32 22
34 18 21 38 11 11 46 31 34 0 42 9 21 51 28 48 23 35 32 6 22
8 37 39 4 42 31 25 37 12 42 0 33 37 35 24 17 43 9 18 41 34
25 12 24 30 10 2 41 32 27 9 33 0 23 48 24 41 28 26 26 12 23
33 35 2 33 31 24 30 11 25 21 37 23 0 32 13 34 6 37 19 15 3
37 59 34 32 58 48 10 22 27 51 35 48 32 0 24 18 36 41 23 46 30
21 35 15 20 34 24 18 13 12 28 24 24 13 24 0 21 19 25 6 24 10
22 48 36 16 50 39 9 29 14 48 17 41 34 18 21 0 40 25 16 45 31
39 40 4 39 34 29 36 14 31 23 43 28 6 36 19 40 0 43 25 17 9
4 28 39 9 34 24 31 38 14 35 9 26 37 41 25 25 43 0 20 37 34
16 36 21 14 36 25 15 19 6 32 18 26 19 23 6 16 25 20 0 29 16
34 24 15 37 17 14 42 26 32 6 41 12 15 46 24 45 17 37 29 0 17
30 35 5 30 31 24 27 9 22 22 34 23 3 30 10 31 9 34 16 17 0
0 508
119 220
374 475
225 326
215 316
235 336
249 350
276 377
330 431
212 313
276 377
149 250
211 312
297 398
365 466
102 203
157 258
38 139
111 212
203 304
206 307
0
65
24
27
33
40
40
79
39
31
49
68
34
58
75
33
83
61
60
49
53
