21
650
0 31 50 33 40 31 27 46 7 27 30 51 5 35 34 30 30 40 26 51 13
31 0 46 25 51 40 37 35 36 48 33 46 33 40 37 54 45 47 7 43 18
50 46 0 21 26 22 26 12 48 36 20 1 55 17 18 43 30 19 40 4 46
33 25 21 0 29 18 18 13 34 32 11 22 38 17 14 39 26 24 19 19 25
40 51 26 29 0 11 15 33 34 15 18 27 44 13 15 20 10 7 44 29 42
31 40 22 18 11 0 4 26 27 14 7 23 36 5 6 21 8 9 33 24 31
27 37 26 18 15 4 0 27 23 14 7 27 32 9 8 21 9 13 30 27 27
46 35 12 13 33 26 27 0 47 40 20 11 51 21 20 47 34 26 31 8 38
7 36 48 34 34 27 23 47 0 21 28 49 10 32 31 23 24 36 30 49 18
27 48 36 32 15 14 14 40 21 0 21 37 31 19 20 7 6 19 41 38 33
30 33 20 11 18 7 7 20 28 21 0 21 35 7 4 28 15 14 26 21 27
51 46 1 22 27 23 27 11 49 37 21 0 56 18 19 44 31 20 41 3 47
5 33 55 38 44 36 32 51 10 31 35 56 0 40 39 33 34 45 28 56 15
35 40 17 17 13 5 9 21 32 19 7 18 40 0 3 26 13 7 33 19 34
34 37 18 14 15 6 8 20 31 20 4 19 39 3 0 27 14 10 30 19 31
30 54 43 39 20 21 21 47 23 7 28 44 33 26 27 0 13 26 47 45 38
30 45 30 26 10 8 9 34 24 6 15 31 34 13 14 13 0 13 38 32 33
40 47 19 24 7 9 13 26 36 19 14 20 45 7 10 26 13 0 40 22 40
26 7 40 19 44 33 30 31 30 41 26 41 28 33 30 47 38 40 0 38 13
51 43 4 19 29 24 27 8 49 38 21 3 56 19 19 45 32 22 38 0 44
13 18 46 25 42 31 27 38 18 33 27 47 15 34 31 38 33 40 13 44 0
0 490
157 353
94 290
184 380
115 311
232 428
214 410
226 422
269 465
141 337
19 215
239 435
156 352
229 425
261 457
292 488
20 216
180 376
63 259
49 245
227 423
0
79
22
49
69
29
46
33
88
66
71
41
42
89
46
45
35
45
13
70
22
