21
650
0 15 35 35 33 26 25 37 30 17 5 27 23 10 11 19 24 21 28 23 39
15 0 24 26 18 20 10 22 15 9 20 26 27 19 24 6 12 9 32 20 24
35 24 0 3 25 11 20 29 20 32 38 48 51 31 38 27 30 29 55 42 31
35 26 3 0 28 10 23 32 23 35 38 51 53 30 37 30 33 32 58 45 34
33 18 25 28 0 30 9 4 5 17 38 31 36 37 42 14 11 12 38 25 6
26 20 11 10 30 0 22 34 25 29 28 46 47 20 27 26 31 29 52 40 36
25 10 20 23 9 22 0 13 5 14 30 29 33 28 34 9 10 9 36 23 15
37 22 29 32 4 34 13 0 9 21 42 32 38 41 46 18 13 16 39 27 2
30 15 20 23 5 25 5 9 0 17 35 32 36 33 39 13 12 12 39 26 11
17 9 32 35 17 29 14 21 17 0 22 17 19 25 28 5 8 5 23 11 23
5 20 38 38 38 28 30 42 35 22 0 31 27 8 6 24 29 26 32 28 44
27 26 48 51 31 46 29 32 32 17 31 0 7 37 37 21 20 20 7 6 32
23 27 51 53 36 47 33 38 36 19 27 7 0 33 33 24 25 24 5 11 38
10 19 31 30 37 20 28 41 33 25 8 37 33 0 7 24 30 27 38 33 43
11 24 38 37 42 27 34 46 39 28 6 37 33 7 0 29 35 32 38 34 48
19 6 27 30 14 26 9 18 13 5 24 21 24 24 29 0 6 3 28 15 20
24 12 30 33 11 31 10 13 12 8 29 20 25 30 35 6 0 3 27 14 15
21 9 29 32 12 29 9 16 12 5 26 20 24 27 32 3 3 0 27 14 18
28 32 55 58 38 52 36 39 39 23 32 7 5 38 38 28 27 27 0 13 39
23 20 42 45 25 40 23 27 26 11 28 6 11 33 34 15 14 14 13 0 27
39 24 31 34 6 36 15 2 11 23 44 32 38 43 48 20 15 18 39 27 0
0 473
130 177
175 222
125 172
319 366
124 171
328 375
295 342
349 396
34 81
186 233
83 130
182 229
227 274
198 245
375 422
374 421
222 269
159 206
203 250
116 163
0
55
31
32
61
16
52
27
19
56
61
85
66
72
80
43
54
26
79
25
59
