21
651
0 12 12 34 12 24 21 14 19 29 25 9 44 18 26 4 10 17 22 27 25
12 0 11 27 3 32 18 6 22 32 16 12 36 10 14 16 22 15 24 15 18
12 11 0 38 14 36 29 6 29 39 15 19 47 21 21 15 19 5 32 18 29
34 27 38 0 24 38 15 32 23 28 37 26 11 17 24 38 44 42 22 32 9
12 3 14 24 0 30 15 9 19 29 19 10 33 7 15 16 22 18 21 18 15
24 32 36 38 30 0 23 37 15 14 48 20 49 31 45 23 24 41 17 47 31
21 18 29 15 15 23 0 24 8 16 34 12 26 10 25 25 31 33 8 31 8
14 6 6 32 9 37 24 0 27 37 11 17 41 16 15 18 24 10 30 13 24
19 22 29 23 19 15 8 27 0 10 38 10 34 17 32 21 26 34 3 37 16
29 32 39 28 29 14 16 37 10 0 48 20 39 26 41 30 34 44 8 47 24
25 16 15 37 19 48 34 11 38 48 0 28 42 24 13 29 34 15 40 5 31
9 12 19 26 10 20 12 17 10 20 28 0 36 12 25 13 19 24 13 27 17
44 36 47 11 33 49 26 41 34 39 42 36 0 26 29 48 54 51 33 37 19
18 10 21 17 7 31 10 16 17 26 24 12 26 0 15 22 28 25 18 21 8
26 14 21 24 15 45 25 15 32 41 13 25 29 15 0 30 36 24 33 8 19
4 16 15 38 16 23 25 18 21 30 29 13 48 22 30 0 6 18 24 31 29
10 22 19 44 22 24 31 24 26 34 34 19 54 28 36 6 0 21 29 37 35
17 15 5 42 18 41 33 10 34 44 15 24 51 25 24 18 21 0 37 19 33
22 24 32 22 21 17 8 30 3 8 40 13 33 18 33 24 29 37 0 39 16
27 15 18 32 18 47 31 13 37 47 5 27 37 21 8 31 37 19 39 0 27
25 18 29 9 15 31 8 24 16 24 31 17 19 8 19 29 35 33 16 27 0
0 262
42 68
192 218
123 149
208 234
160 186
176 202
92 118
210 236
87 113
114 140
173 199
7 33
119 145
222 248
215 241
143 169
228 254
145 171
97 123
193 219
0
25
42
56
38
52
63
40
74
47
45
52
20
61
30
72
58
44
67
53
62
