21
650
0 34 33 10 26 31 20 38 13 22 26 17 46 23 15 31 24 38 17 31 33
34 0 23 26 8 25 37 18 22 27 10 23 15 11 35 13 13 24 21 26 5
33 23 0 33 17 44 23 40 20 13 15 16 24 25 24 33 13 5 32 45 28
10 26 33 0 21 21 27 28 13 25 22 18 41 15 22 21 21 38 7 21 25
26 8 17 21 0 27 29 23 14 19 2 15 20 8 27 16 5 20 17 28 11
31 25 44 21 27 0 48 12 30 42 29 35 40 19 43 12 31 47 16 1 20
20 37 23 27 29 48 0 49 18 10 27 14 45 32 5 42 24 28 32 48 40
38 18 40 28 23 12 49 0 31 41 25 35 31 17 45 7 28 42 21 13 13
13 22 20 13 14 30 18 31 0 12 13 5 33 14 14 24 11 25 15 31 23
22 27 13 25 19 42 10 41 12 0 17 7 35 24 11 34 14 18 27 43 30
26 10 15 22 2 29 27 25 13 17 0 13 20 10 25 18 3 18 19 30 13
17 23 16 18 15 35 14 35 5 7 13 0 33 18 12 28 10 21 20 36 26
46 15 24 41 20 40 45 31 33 35 20 33 0 26 45 28 23 21 36 41 20
23 11 25 15 8 19 32 17 14 24 10 18 26 0 28 10 12 28 10 20 10
15 35 24 22 27 43 5 45 14 11 25 12 45 28 0 38 22 29 27 43 37
31 13 33 21 16 12 42 7 24 34 18 28 28 10 38 0 21 36 14 13 8
24 13 13 21 5 31 24 28 11 14 3 10 23 12 22 21 0 17 19 32 16
38 24 5 38 20 47 28 42 25 18 18 21 21 28 29 36 17 0 36 48 29
17 21 32 7 17 16 32 21 15 27 19 20 36 10 27 14 19 36 0 16 18
31 26 45 21 28 1 48 13 31 43 30 36 41 20 43 13 32 48 16 0 21
33 5 28 25 11 20 40 13 23 30 13 26 20 10 37 8 16 29 18 21 0
0 192
4 100
65 161
21 117
53 149
27 123
67 163
92 188
65 161
19 115
9 105
8 104
11 107
38 134
25 121
64 160
69 165
66 162
15 111
54 150
2 98
0
68
69
54
46
36
71
58
73
92
22
67
36
46
26
12
62
67
39
34
21
