21
651
0 23 33 34 3 20 12 25 8 35 41 23 37 42 35 33 20 20 24 15 36
23 0 26 14 26 43 30 12 31 18 43 14 37 42 34 31 41 4 42 11 48
33 26 0 19 34 40 28 14 40 14 19 12 13 18 10 7 37 24 34 33 30
34 14 19 0 37 49 36 10 42 6 38 13 32 37 29 26 47 15 46 25 47
3 26 34 37 0 17 9 27 6 37 40 26 37 42 35 34 17 23 21 18 33
20 43 40 49 17 0 13 39 17 48 38 37 37 41 37 37 4 39 10 35 25
12 30 28 36 9 13 0 26 14 35 31 24 29 33 27 26 11 26 13 26 24
25 12 14 10 27 39 26 0 33 10 32 3 26 31 23 20 37 10 36 20 38
8 31 40 42 6 17 14 33 0 43 45 31 43 47 41 40 19 28 24 22 38
35 18 14 6 37 48 35 10 43 0 33 12 27 31 24 21 46 18 44 28 43
41 43 19 38 40 38 31 32 45 33 0 29 6 4 9 12 34 41 28 48 15
23 14 12 13 26 37 24 3 31 12 29 0 23 28 20 17 34 12 33 21 35
37 37 13 32 37 37 29 26 43 27 6 23 0 5 3 6 33 35 28 43 19
42 42 18 37 42 41 33 31 47 31 4 28 5 0 8 11 37 40 32 48 19
35 34 10 29 35 37 27 23 41 24 9 20 3 8 0 3 33 32 28 40 20
33 31 7 26 34 37 26 20 40 21 12 17 6 11 3 0 33 29 29 37 23
20 41 37 47 17 4 11 37 19 46 34 34 33 37 33 33 0 37 6 35 21
20 4 24 15 23 39 26 10 28 18 41 12 35 40 32 29 37 0 38 10 44
24 42 34 46 21 10 13 36 24 44 28 33 28 32 28 29 6 38 0 39 15
15 11 33 25 18 35 26 20 22 28 48 21 43 48 40 37 35 10 39 0 48
36 48 30 47 33 25 24 38 38 43 15 35 19 19 20 23 21 44 15 48 0
0 385
1 1
61 61
139 139
380 380
26 26
361 361
276 276
358 358
92 92
36 36
215 215
366 366
110 110
25 25
374 374
335 335
133 133
116 116
142 142
146 146
0
76
78
59
37
65
40
46
47
58
72
62
13
26
52
56
21
17
64
72
40
