21
650
0 41 11 34 41 26 19 33 49 6 38 32 28 42 46 43 24 18 15 45 11
41 0 35 20 38 42 31 11 8 36 5 27 28 33 20 34 39 53 29 8 31
11 35 0 23 30 16 24 30 43 6 31 21 17 31 36 32 31 18 17 38 6
34 20 23 0 18 22 35 25 26 28 15 7 8 14 13 15 44 39 29 19 23
41 38 30 18 0 18 50 43 44 36 33 12 15 8 23 7 58 38 43 36 33
26 42 16 22 18 0 39 41 48 21 37 17 14 24 34 23 47 20 32 41 21
19 31 24 35 50 39 0 20 38 20 31 39 35 49 45 50 9 37 7 38 18
33 11 30 25 43 41 20 0 18 30 13 31 30 39 29 40 28 48 19 19 25
49 8 43 26 44 48 38 18 0 44 12 33 34 36 22 37 46 61 37 8 39
6 36 6 28 36 21 20 30 44 0 33 26 22 36 40 37 26 19 14 40 5
38 5 31 15 33 37 31 13 12 33 0 22 23 28 16 29 40 49 27 7 28
32 27 21 7 12 17 39 31 33 26 22 0 4 10 17 11 47 35 32 26 23
28 28 17 8 15 14 35 30 34 22 23 4 0 14 21 15 43 31 28 27 19
42 33 31 14 8 24 49 39 36 36 28 10 14 0 15 1 57 44 42 28 33
46 20 36 13 23 34 45 29 22 40 16 17 21 15 0 16 54 52 40 14 35
43 34 32 15 7 23 50 40 37 37 29 11 15 1 16 0 58 43 43 29 34
24 39 31 44 58 47 9 28 46 26 40 47 43 57 54 58 0 42 15 47 26
18 53 18 39 38 20 37 48 61 19 49 35 31 44 52 43 42 0 32 56 23
15 29 17 29 43 32 7 19 37 14 27 32 28 42 40 43 15 32 0 34 11
45 8 38 19 36 41 38 19 8 40 7 26 27 28 14 29 47 56 34 0 35
11 31 6 23 33 21 18 25 39 5 28 23 19 33 35 34 26 23 11 35 0
0 350
107 177
135 205
151 221
126 196
42 112
91 161
109 179
243 313
184 254
145 215
114 184
73 143
68 138
35 105
136 206
146 216
174 244
220 290
195 265
178 248
0
35
48
60
35
57
77
28
64
52
67
52
39
43
46
56
35
56
62
51
37
