21
649
0 37 45 25 31 10 50 13 33 37 52 48 56 22 43 48 38 32 25 36 34
37 0 24 18 25 28 14 29 17 14 16 14 19 25 35 15 23 28 12 32 29
45 24 0 39 48 41 21 32 41 38 32 36 31 23 15 14 7 17 24 17 16
25 18 39 0 9 15 32 25 8 12 30 24 34 27 45 33 35 35 15 40 37
31 25 48 9 0 22 38 34 8 13 32 25 36 36 54 40 44 44 24 49 46
10 28 41 15 22 0 42 14 23 27 43 38 46 20 41 40 34 30 17 35 32
50 14 21 32 38 42 0 42 30 25 12 17 10 34 35 7 24 33 25 35 33
13 29 32 25 34 14 42 0 33 35 45 43 48 9 30 38 25 19 17 23 21
33 17 41 8 8 23 30 33 0 5 24 17 28 33 50 32 38 40 20 45 42
37 14 38 12 13 27 25 35 5 0 19 12 23 34 48 29 36 39 20 44 41
52 16 32 30 32 43 12 45 24 19 0 8 4 41 46 18 34 42 28 45 42
48 14 36 24 25 38 17 43 17 12 8 0 12 39 48 23 36 42 26 46 43
56 19 31 34 36 46 10 48 28 23 4 12 0 42 45 17 34 43 31 45 43
22 25 23 27 36 20 34 9 33 34 41 39 42 0 21 30 16 10 14 15 12
43 35 15 45 54 41 35 30 50 48 46 48 45 21 0 28 12 11 30 7 9
48 15 14 33 40 40 7 38 32 29 18 23 17 30 28 0 18 27 23 29 27
38 23 7 35 44 34 24 25 38 36 34 36 34 16 12 18 0 10 20 11 9
32 28 17 35 44 30 33 19 40 39 42 42 43 10 11 27 10 0 20 5 2
25 12 24 15 24 17 25 17 20 20 28 26 31 14 30 23 20 20 0 25 22
36 32 17 40 49 35 35 23 45 44 45 46 45 15 7 29 11 5 25 0 3
34 29 16 37 46 32 33 21 42 41 42 43 43 12 9 27 9 2 22 3 0
0 333
89 255
121 287
82 248
26 192
116 282
161 327
42 208
0 166
34 200
159 325
102 268
103 269
136 302
111 277
66 232
1 167
9 175
77 243
56 222
27 193
0
34
69
63
49
48
56
53
35
70
45
15
45
43
75
51
74
73
45
28
26
