21
650
0 10 43 11 29 59 30 37 17 13 39 54 47 16 29 4 36 27 43 46 59
10 0 33 16 19 54 25 38 18 3 30 49 40 10 24 9 32 31 35 37 54
43 33 0 41 14 31 22 40 35 30 4 28 13 27 21 39 28 46 5 5 31
11 16 41 0 31 53 24 28 9 18 37 48 43 15 24 7 28 16 41 44 53
29 19 14 31 0 43 21 39 27 16 12 39 25 16 20 26 28 40 17 19 43
59 54 31 53 43 0 29 32 44 53 31 5 18 44 30 55 25 47 26 28 0
30 25 22 24 21 29 0 18 15 24 18 24 19 15 1 26 7 24 20 23 29
37 38 40 28 39 32 18 0 20 39 36 27 32 29 19 33 12 16 36 39 32
17 18 35 9 27 44 15 20 0 20 31 39 34 11 15 13 19 13 34 37 44
13 3 30 18 16 53 24 39 20 0 27 48 38 10 23 12 31 33 32 34 53
39 30 4 37 12 31 18 36 31 27 0 28 13 23 17 35 24 42 5 7 31
54 49 28 48 39 5 24 27 39 48 28 0 15 39 25 50 20 42 23 26 5
47 40 13 43 25 18 19 32 34 38 13 15 0 31 19 43 20 43 8 11 18
16 10 27 15 16 44 15 29 11 10 23 39 31 0 14 12 22 24 27 30 44
29 24 21 24 20 30 1 19 15 23 17 25 19 14 0 25 8 25 19 22 30
4 9 39 7 26 55 26 33 13 12 35 50 43 12 25 0 32 23 39 42 55
36 32 28 28 28 25 7 12 19 31 24 20 20 22 8 32 0 23 24 27 25
27 31 46 16 40 47 24 16 13 33 42 42 43 24 25 23 23 0 44 47 47
43 35 5 41 17 26 20 36 34 32 5 23 8 27 19 39 24 44 0 3 26
46 37 5 44 19 28 23 39 37 34 7 26 11 30 22 42 27 47 3 0 28
59 54 31 53 43 0 29 32 44 53 31 5 18 44 30 55 25 47 26 28 0
0 245
130 154
101 125
78 102
91 115
69 93
69 93
97 121
174 198
79 103
213 237
75 99
159 183
170 194
111 135
4 28
6 30
41 65
94 118
70 94
145 169
0
11
22
75
78
70
50
76
50
16
57
43
71
50
31
40
44
41
66
26
82
