21
650
0 39 38 41 26 56 37 12 37 37 39 27 27 24 29 51 0 32 50 25 26
39 0 32 29 13 28 15 27 12 12 23 24 19 19 25 23 39 16 20 26 21
38 32 0 4 32 26 45 28 20 20 9 12 16 39 10 23 38 43 26 13 42
41 29 4 0 33 22 43 30 17 17 6 14 17 40 12 19 41 43 23 16 43
26 13 32 33 0 37 15 16 18 18 27 21 16 7 22 32 26 11 30 22 10
56 28 26 22 37 0 43 44 19 19 19 31 30 44 29 5 56 44 8 33 47
37 15 45 43 15 43 0 30 26 26 37 35 30 13 36 38 37 5 35 37 12
12 27 28 30 16 44 30 0 25 25 28 16 15 17 18 39 12 25 38 15 20
37 12 20 17 18 19 26 25 0 0 11 16 12 25 15 14 37 26 13 18 28
37 12 20 17 18 19 26 25 0 0 11 16 12 25 15 14 37 26 13 18 28
39 23 9 6 27 19 37 28 11 11 0 12 13 34 10 15 39 37 18 14 37
27 24 12 14 21 31 35 16 16 16 12 0 5 27 2 27 27 32 28 2 30
27 19 16 17 16 30 30 15 12 12 13 5 0 23 6 25 27 27 25 7 26
24 19 39 40 7 44 13 17 25 25 34 27 23 0 29 39 24 8 37 28 3
29 25 10 12 22 29 36 18 15 15 10 2 6 29 0 25 29 33 26 4 32
51 23 23 19 32 5 38 39 14 14 15 27 25 39 25 0 51 39 5 29 42
0 39 38 41 26 56 37 12 37 37 39 27 27 24 29 51 0 32 50 25 26
32 16 43 43 11 44 5 25 26 26 37 32 27 8 33 39 32 0 36 33 7
50 20 26 23 30 8 35 38 13 13 18 28 25 37 26 5 50 36 0 30 40
25 26 13 16 22 33 37 15 18 18 14 2 7 28 4 29 25 33 30 0 31
26 21 42 43 10 47 12 20 28 28 37 30 26 3 32 42 26 7 40 31 0
0 210
64 85
138 159
51 72
90 111
9 30
90 111
9 30
169 190
50 71
47 68
142 163
84 105
180 201
176 197
133 154
37 58
110 131
13 34
62 83
21 42
0
31
49
24
74
38
23
70
65
61
67
65
44
37
34
60
63
55
51
49
39
