21
650
0 30 30 23 8 33 47 17 14 26 38 46 62 22 34 9 45 39 46 40 28
30 0 26 7 25 38 19 27 27 32 42 51 41 25 6 30 21 10 33 10 3
30 26 0 25 23 12 27 14 17 11 16 25 32 8 24 22 21 28 16 30 23
23 7 25 0 18 36 25 22 21 29 41 50 46 22 12 23 26 17 35 17 6
8 25 23 18 0 26 40 10 7 19 31 40 54 15 28 5 37 33 38 34 22
33 38 12 36 26 0 39 16 19 7 5 14 39 14 36 24 33 40 23 42 35
47 19 27 25 40 39 0 37 38 38 40 49 23 32 13 43 6 10 21 13 19
17 27 14 22 10 16 37 0 3 9 21 30 46 6 28 8 32 33 30 34 24
14 27 17 21 7 19 38 3 0 12 24 33 49 9 29 5 34 34 33 35 24
26 32 11 29 19 7 38 9 12 0 12 21 42 7 32 17 32 37 26 38 29
38 42 16 41 31 5 40 21 24 12 0 9 37 19 40 29 34 43 22 46 39
46 51 25 50 40 14 49 30 33 21 9 0 43 28 49 37 43 52 29 55 48
62 41 32 46 54 39 23 46 49 42 37 43 0 40 35 54 20 33 16 36 40
22 25 8 22 15 14 32 6 9 7 19 28 40 0 25 14 27 30 24 31 22
34 6 24 12 28 36 13 28 29 32 40 49 35 25 0 33 15 5 28 6 6
9 30 22 23 5 24 43 8 5 17 29 37 54 14 33 0 39 38 38 39 27
45 21 21 26 37 33 6 32 34 32 34 43 20 27 15 39 0 14 15 17 20
39 10 28 17 33 40 10 33 34 37 43 52 33 30 5 38 14 0 29 3 11
46 33 16 35 38 23 21 30 33 26 22 29 16 24 28 38 15 29 0 32 30
40 10 30 17 34 42 13 34 35 38 46 55 36 31 6 39 17 3 32 0 12
28 3 23 6 22 35 19 24 24 29 39 48 40 22 6 27 20 11 30 12 0
0 403
64 265
87 288
86 287
63 264
181 382
85 286
137 338
104 305
199 400
148 349
117 318
87 288
131 332
163 364
5 206
23 224
139 340
138 339
126 327
179 380
0
42
59
70
44
52
27
24
56
65
47
40
56
87
29
73
41
72
63
34
18
