21
650
0 15 11 29 31 40 9 31 27 21 17 32 8 3 25 26 18 37 36 13 6
15 0 20 24 37 30 22 41 15 7 7 18 8 18 35 14 29 44 23 25 21
11 20 0 39 41 50 18 40 28 27 18 38 12 11 34 27 27 46 43 5 11
29 24 39 0 21 14 27 28 37 21 31 20 29 30 26 36 24 28 18 42 33
31 37 41 21 0 35 23 7 52 38 44 41 37 31 9 51 14 7 39 41 31
40 30 50 14 35 0 40 42 39 24 37 16 38 42 40 38 38 40 10 53 45
9 22 18 27 23 40 0 22 36 27 26 36 17 8 16 35 9 28 39 18 8
31 41 40 28 7 42 22 0 56 42 47 47 39 30 6 55 13 7 46 40 30
27 15 28 37 52 39 36 56 0 16 10 23 19 30 50 1 44 59 29 33 33
21 7 27 21 38 24 27 42 16 0 13 11 15 24 37 15 32 45 16 32 27
17 7 18 31 44 37 26 47 10 13 0 23 9 20 41 9 34 51 29 23 23
32 18 38 20 41 16 36 47 23 11 23 0 26 35 43 22 39 48 6 43 38
8 8 12 29 37 38 17 39 19 15 9 26 0 11 33 18 26 44 31 17 14
3 18 11 30 31 42 8 30 30 24 20 35 11 0 24 29 17 36 39 12 3
25 35 34 26 9 40 16 6 50 37 41 43 33 24 0 49 7 13 43 34 24
26 14 27 36 51 38 35 55 1 15 9 22 18 29 49 0 43 58 28 32 32
18 29 27 24 14 38 9 13 44 32 34 39 26 17 7 43 0 19 40 27 17
37 44 46 28 7 40 28 7 59 45 51 48 44 36 13 58 19 0 46 46 36
36 23 43 18 39 10 39 46 29 16 29 6 31 39 43 28 40 46 0 48 42
13 25 5 42 41 53 18 40 33 32 23 43 17 12 34 32 27 46 48 0 10
6 21 11 33 31 45 8 30 33 27 23 38 14 3 24 32 17 36 42 10 0
0 315
236 267
253 284
133 164
232 263
239 270
124 155
126 157
202 233
254 285
47 78
186 217
27 58
212 243
158 189
98 129
68 99
158 189
219 250
251 282
184 215
0
31
41
49
47
49
62
66
23
22
83
39
73
42
43
69
47
46
59
26
82
