21
652
0 19 6 26 10 25 14 24 32 10 24 28 29 9 12 30 20 18 6 22 2
19 0 24 31 9 41 33 42 50 11 40 44 47 10 30 35 36 22 17 34 19
6 24 0 32 15 24 10 18 26 16 19 27 23 14 6 35 15 17 12 18 5
26 31 32 0 26 24 31 47 46 22 50 27 43 27 33 4 46 43 20 48 28
10 9 15 26 0 33 24 33 41 4 31 36 38 1 21 30 27 17 9 26 10
25 41 24 24 33 0 16 30 22 30 37 3 21 33 20 24 34 41 24 40 27
14 33 10 31 24 16 0 16 18 23 21 18 15 23 4 33 18 27 17 24 14
24 42 18 47 33 30 16 0 17 34 8 31 14 32 14 49 10 27 30 17 23
32 50 26 46 41 22 18 17 0 41 25 21 3 40 20 46 27 42 35 34 31
10 11 16 22 4 30 23 34 41 0 34 33 38 5 22 26 30 21 6 30 12
24 40 19 50 31 37 21 8 25 34 0 38 22 30 18 54 4 22 30 10 22
28 44 27 27 36 3 18 31 21 33 38 0 20 36 22 26 36 44 27 42 29
29 47 23 43 38 21 15 14 3 38 22 20 0 37 17 44 24 39 32 31 28
9 10 14 27 1 33 23 32 40 5 30 36 37 0 20 31 26 16 10 25 9
12 30 6 33 21 20 4 14 20 22 18 22 17 20 0 36 15 23 17 20 11
30 35 35 4 30 24 33 49 46 26 54 26 44 31 36 0 50 47 24 52 32
20 36 15 46 27 34 18 10 27 30 4 36 24 26 15 50 0 18 26 7 18
18 22 17 43 17 41 27 27 42 21 22 44 39 16 23 47 18 0 23 12 16
6 17 12 20 9 24 17 30 35 6 30 27 32 10 17 24 26 23 0 28 8
22 34 18 48 26 40 24 17 34 30 10 42 31 25 20 52 7 12 28 0 20
2 19 5 28 10 27 14 23 31 12 22 29 28 9 11 32 18 16 8 20 0
0 385
84 122
242 280
103 141
273 311
114 152
41 79
311 349
128 166
311 349
204 242
245 283
153 191
103 141
312 350
188 226
337 375
173 211
76 114
119 157
150 188
0
47
42
58
56
79
29
44
57
30
75
39
40
73
61
27
83
22
32
41
68
