21
650
0 43 32 2 17 40 16 14 32 29 34 43 30 12 18 22 31 28 39 20 25
43 0 11 42 32 33 34 30 11 32 21 7 13 55 37 43 28 15 12 43 31
32 11 0 31 21 29 23 19 0 24 15 11 2 44 26 33 21 4 10 32 22
2 42 31 0 16 40 17 13 31 27 33 42 29 14 16 20 29 27 37 18 23
17 32 21 16 0 24 2 6 21 31 17 32 19 26 24 31 31 17 31 30 27
40 33 29 40 24 0 24 30 29 51 14 39 28 48 47 54 49 28 39 53 47
16 34 23 17 2 24 0 8 23 33 18 34 21 25 26 33 33 19 33 32 29
14 30 19 13 6 30 8 0 19 25 20 30 17 26 18 25 25 15 27 24 21
32 11 0 31 21 29 23 19 0 24 15 11 2 44 26 33 21 4 10 32 22
29 32 24 27 31 51 33 25 24 0 37 26 24 40 11 13 4 23 20 14 4
34 21 15 33 17 14 18 20 15 37 0 26 14 43 35 42 35 14 25 41 34
43 7 11 42 32 39 34 30 11 26 26 0 13 55 33 38 22 15 6 38 26
30 13 2 29 19 28 21 17 2 24 14 13 0 42 25 32 21 2 12 31 21
12 55 44 14 26 48 25 26 44 40 43 55 42 0 29 31 43 40 51 29 37
18 37 26 16 24 47 26 18 26 11 35 33 25 29 0 7 14 23 27 6 8
22 43 33 20 31 54 33 25 33 13 42 38 32 31 7 0 16 30 32 2 12
31 28 21 29 31 49 33 25 21 4 35 22 21 43 14 16 0 21 16 17 6
28 15 4 27 17 28 19 15 4 23 14 15 2 40 23 30 21 0 14 29 20
39 12 10 37 31 39 33 27 10 20 25 6 12 51 27 32 16 14 0 32 20
20 43 32 18 30 53 32 24 32 14 41 38 31 29 6 2 17 29 32 0 12
25 31 22 23 27 47 29 21 22 4 34 26 21 37 8 12 6 20 20 12 0
0 525
208 208
443 443
120 120
522 522
353 353
446 446
256 256
402 402
40 40
445 445
412 412
372 372
73 73
311 311
235 235
463 463
27 27
495 495
314 314
349 349
0
79
63
73
85
34
81
12
62
30
54
33
33
33
70
35
80
33
39
26
45
