21
652
0 20 23 25 18 38 11 30 25 35 21 14 17 34 37 13 28 5 14 11 26
20 0 22 20 22 18 22 22 17 15 28 26 37 33 22 26 27 22 28 25 43
23 22 0 4 37 32 33 11 7 28 10 14 31 12 21 35 6 19 36 33 30
25 20 4 0 38 28 34 7 3 24 14 18 35 13 17 37 7 22 38 35 34
18 22 37 38 0 37 8 42 37 36 39 32 32 49 44 9 43 23 11 11 43
38 18 32 28 37 0 39 26 25 4 42 42 55 40 18 43 35 40 45 42 59
11 22 33 34 8 39 0 38 33 37 32 25 24 44 43 4 38 16 6 3 35
30 22 11 7 42 26 38 0 5 22 21 25 42 14 11 42 11 28 43 40 41
25 17 7 3 37 25 33 5 0 21 17 20 37 16 14 37 10 23 38 35 37
35 15 28 24 36 4 37 22 21 0 38 38 51 36 14 41 31 36 43 40 55
21 28 10 14 39 42 32 21 17 38 0 7 24 14 31 33 11 16 34 31 20
14 26 14 18 32 42 25 25 20 38 7 0 18 21 34 26 17 9 27 24 17
17 37 31 35 32 55 24 42 37 51 24 18 0 38 51 23 35 15 22 21 13
34 33 12 13 49 40 44 14 16 36 14 21 38 0 25 47 6 30 48 45 33
37 22 21 17 44 18 43 11 14 14 31 34 51 25 0 47 22 37 48 45 51
13 26 35 37 9 43 4 42 37 41 33 26 23 47 47 0 41 17 2 2 35
28 27 6 7 43 35 38 11 10 31 11 17 35 6 22 41 0 25 42 39 31
5 22 19 22 23 40 16 28 23 36 16 9 15 30 37 17 25 0 18 15 22
14 28 36 38 11 45 6 43 38 43 34 27 22 48 48 2 42 18 0 3 34
11 25 33 35 11 42 3 40 35 40 31 24 21 45 45 2 39 15 3 0 33
26 43 30 34 43 59 35 41 37 55 20 17 13 33 51 35 31 22 34 33 0
0 315
67 130
35 98
209 272
161 224
33 96
226 289
124 187
39 102
35 98
226 289
113 176
150 213
109 172
103 166
126 189
87 150
206 269
142 205
165 228
172 235
0
39
44
37
66
62
53
46
52
54
56
54
61
54
50
52
17
62
68
44
31
