21
650
0 23 4 21 17 23 47 22 16 34 48 8 46 25 15 28 28 41 13 6 40
23 0 19 23 18 7 24 10 28 21 25 16 23 25 23 16 21 21 25 17 19
4 19 0 20 15 19 43 18 15 30 44 4 42 23 14 24 26 37 14 2 36
21 23 20 0 5 28 38 30 35 42 39 16 39 41 33 37 10 27 9 20 42
17 18 15 5 0 23 36 25 30 37 37 11 37 36 28 32 11 26 8 15 37
23 7 19 28 23 0 28 3 23 14 29 18 27 18 18 9 28 28 28 17 17
47 24 43 38 36 28 0 31 51 34 1 39 2 45 46 34 29 13 44 41 19
22 10 18 30 25 3 31 0 20 12 32 17 30 15 15 7 30 31 28 16 19
16 28 15 35 30 23 51 20 0 26 52 19 50 13 5 21 41 49 29 15 39
34 21 30 42 37 14 34 12 26 0 35 29 33 14 22 6 42 39 40 28 16
48 25 44 39 37 29 1 32 52 35 0 40 2 46 47 35 30 14 45 42 19
8 16 4 16 11 18 39 17 19 29 40 0 39 26 17 24 22 33 11 4 34
46 23 42 39 37 27 2 30 50 33 2 39 0 44 45 33 31 15 45 40 17
25 25 23 41 36 18 45 15 13 14 46 26 44 0 10 11 44 46 37 22 29
15 23 14 33 28 18 46 15 5 22 47 17 45 10 0 16 38 44 28 13 34
28 16 24 37 32 9 34 7 21 6 35 24 33 11 16 0 37 37 35 22 18
28 21 26 10 11 28 29 30 41 42 30 22 31 44 38 37 0 17 19 26 36
41 21 37 27 26 28 13 31 49 39 14 33 15 46 44 37 17 0 34 36 27
13 25 14 9 8 28 44 28 29 40 45 11 45 37 28 35 19 34 0 15 44
6 17 2 20 15 17 41 16 15 28 42 4 40 22 13 22 26 36 15 0 34
40 19 36 42 37 17 19 19 39 16 19 34 17 29 34 18 36 27 44 34 0
0 403
69 189
34 154
79 199
44 164
23 143
18 138
87 207
143 263
54 174
124 244
221 341
73 193
282 402
31 151
107 227
32 152
219 339
164 284
174 294
33 153
0
41
25
71
46
47
17
40
57
54
38
19
93
68
51
25
58
77
60
51
62
