21
651
0 31 34 24 39 31 9 20 27 31 10 23 25 17 36 5 27 36 18 29 18
31 0 3 18 18 6 22 12 4 40 23 47 25 24 5 28 16 13 21 16 13
34 3 0 20 18 8 25 15 7 42 26 49 27 27 4 31 17 13 23 17 16
24 18 20 0 15 23 20 12 16 22 22 30 7 28 23 25 3 12 6 5 16
39 18 18 15 0 24 34 23 20 34 35 45 21 39 22 40 12 5 21 10 27
31 6 8 23 24 0 22 14 7 45 23 49 30 21 6 28 22 19 24 22 13
9 22 25 20 34 22 0 11 18 34 2 30 22 10 27 6 22 29 14 24 9
20 12 15 12 23 14 11 0 8 33 12 35 18 16 17 17 13 18 11 15 4
27 4 7 16 20 7 18 8 0 38 19 43 23 20 9 24 15 15 17 15 9
31 40 42 22 34 45 34 33 38 0 36 16 15 44 45 35 25 33 22 26 36
10 23 26 22 35 23 2 12 19 36 0 32 24 8 28 5 24 30 16 26 10
23 47 49 30 45 49 30 35 43 16 32 0 24 40 52 28 33 42 26 35 37
25 25 27 7 21 30 22 18 23 15 24 24 0 32 30 27 10 18 8 11 22
17 24 27 28 39 21 10 16 20 44 8 40 32 0 27 12 29 34 24 31 12
36 5 4 23 22 6 27 17 9 45 28 52 30 27 0 33 21 17 26 21 18
5 28 31 25 40 28 6 17 24 35 5 28 27 12 33 0 28 35 19 30 15
27 16 17 3 12 22 22 13 15 25 24 33 10 29 21 28 0 9 9 2 17
36 13 13 12 5 19 29 18 15 33 30 42 18 34 17 35 9 0 18 7 22
18 21 23 6 21 24 14 11 17 22 16 26 8 24 26 19 9 18 0 11 14
29 16 17 5 10 22 24 15 15 26 26 35 11 31 21 30 2 7 11 0 19
18 13 16 16 27 13 9 4 9 36 10 37 22 12 18 15 17 22 14 19 0
0 297
71 219
13 161
4 152
64 212
46 194
79 227
107 255
96 244
62 210
55 203
125 273
86 234
40 188
125 273
134 282
140 288
73 221
109 257
142 290
30 178
0
63
65
54
59
69
59
42
34
58
54
25
71
71
45
43
42
26
30
37
54
