21
651
0 34 31 37 27 40 26 45 7 48 28 36 9 10 46 26 39 30 13 11 36
34 0 12 11 24 12 27 12 32 23 7 43 34 39 18 19 6 20 32 31 8
31 12 0 23 32 24 15 16 32 18 16 31 34 39 15 27 12 8 24 23 7
37 11 23 0 18 3 37 22 33 34 10 53 34 39 29 14 17 31 39 37 19
27 24 32 18 0 21 40 36 20 46 17 56 20 25 42 5 30 38 35 33 31
40 12 24 3 21 0 39 21 36 33 12 55 37 42 28 17 16 32 41 39 20
26 27 15 37 40 39 0 30 31 26 28 16 33 36 27 36 27 8 14 15 22
45 12 16 22 36 21 30 0 44 13 19 45 46 51 8 31 6 22 40 39 9
7 32 32 33 20 36 31 44 0 50 25 42 2 7 47 20 38 33 19 17 36
48 23 18 34 46 33 26 13 50 0 29 37 52 57 5 41 17 19 39 39 15
28 7 16 10 17 12 28 19 25 29 0 44 27 32 25 12 13 23 29 27 14
36 43 31 53 56 55 16 45 42 37 44 0 44 46 39 52 42 23 23 25 37
9 34 34 34 20 37 33 46 2 52 27 44 0 5 49 21 40 35 21 19 38
10 39 39 39 25 42 36 51 7 57 32 46 5 0 54 26 45 40 23 21 43
46 18 15 29 42 28 27 8 47 5 25 39 49 54 0 37 12 19 39 38 11
26 19 27 14 5 17 36 31 20 41 12 52 21 26 37 0 25 33 32 30 26
39 6 12 17 30 16 27 6 38 17 13 42 40 45 12 25 0 19 35 34 5
30 20 8 31 38 32 8 22 33 19 23 23 35 40 19 33 19 0 20 20 14
13 32 24 39 35 41 14 40 19 39 29 23 21 23 39 32 35 20 0 2 31
11 31 23 37 33 39 15 39 17 39 27 25 19 21 38 30 34 20 2 0 30
36 8 7 19 31 20 22 9 36 15 14 37 38 43 11 26 5 14 31 30 0
0 490
29 274
216 461
43 288
80 325
189 434
28 273
225 470
54 299
39 284
172 417
127 372
140 385
182 427
243 488
200 445
38 283
194 439
2 247
33 278
188 433
0
21
33
38
47
71
68
36
33
40
28
78
83
29
45
46
65
56
57
53
74
