21
650
0 15 43 27 34 23 1 21 41 38 28 11 41 15 29 37 23 50 20 31 52
15 0 31 23 31 11 15 16 37 34 19 4 26 4 25 34 9 38 9 18 42
43 31 0 21 25 35 43 23 24 20 16 34 22 28 22 26 33 8 23 14 11
27 23 21 0 8 33 28 7 14 11 7 25 33 19 2 11 31 29 15 20 27
34 31 25 8 0 41 35 15 7 6 15 33 41 27 6 3 39 33 23 28 28
23 11 35 33 41 0 22 27 47 43 28 13 23 15 35 44 2 41 18 21 46
1 15 43 28 35 22 0 22 42 39 29 11 41 15 30 38 22 50 20 31 53
21 16 23 7 15 27 22 0 21 18 7 18 31 12 9 18 25 31 9 18 31
41 37 24 14 7 47 42 21 0 4 19 39 44 33 12 5 45 31 29 31 24
38 34 20 11 6 43 39 18 4 0 15 36 40 30 9 6 41 28 25 27 22
28 19 16 7 15 28 29 7 19 15 0 21 26 15 9 18 26 24 10 13 24
11 4 34 25 33 13 11 18 39 36 21 0 30 6 27 36 12 41 11 22 44
41 26 22 33 41 23 41 31 44 40 26 30 0 26 35 44 21 23 23 13 32
15 4 28 19 27 15 15 12 33 30 15 6 26 0 21 30 13 35 5 16 38
29 25 22 2 6 35 30 9 12 9 9 27 35 21 0 9 33 30 17 22 27
37 34 26 11 3 44 38 18 5 6 18 36 44 30 9 0 42 34 26 31 28
23 9 33 31 39 2 22 25 45 41 26 12 21 13 33 42 0 39 16 19 44
50 38 8 29 33 41 50 31 31 28 24 41 23 35 30 34 39 0 30 20 10
20 9 23 15 23 18 20 9 29 25 10 11 23 5 17 26 16 30 0 12 33
31 18 14 20 28 21 31 18 31 27 13 22 13 16 22 31 19 20 12 0 25
52 42 11 27 28 46 53 31 24 22 24 44 32 38 27 28 44 10 33 25 0
0 368
176 360
148 332
99 283
136 320
155 339
81 265
139 323
41 225
154 338
156 340
66 250
146 330
99 283
70 254
95 279
68 252
69 253
89 273
157 341
166 350
0
51
47
56
61
44
46
46
62
47
40
80
14
55
58
69
25
26
69
51
52
