21
649
0 2 13 12 12 26 26 11 6 17 21 22 10 36 17 19 9 8 12 27 26
2 0 15 13 10 26 24 13 8 16 19 20 10 35 15 20 8 10 10 26 27
13 15 0 12 24 28 38 9 7 28 34 35 16 42 29 20 20 6 24 31 27
12 13 12 0 23 37 31 18 11 19 29 28 22 48 28 29 21 14 17 38 36
12 10 24 23 0 21 21 17 17 19 14 17 9 28 5 19 4 18 13 21 25
26 26 28 37 21 0 42 19 26 39 35 38 16 14 25 9 18 23 33 3 5
26 24 38 31 21 42 0 36 32 12 7 4 30 46 17 40 25 34 14 40 46
11 13 9 18 17 19 36 0 7 28 31 32 8 33 22 11 13 4 23 22 18
6 8 7 11 17 26 32 7 0 23 27 28 11 38 22 18 13 3 18 27 25
17 16 28 19 19 39 12 28 23 0 13 10 26 47 19 36 21 25 6 39 42
21 19 34 29 14 35 7 31 27 13 0 4 23 39 10 33 18 29 12 33 39
22 20 35 28 17 38 4 32 28 10 4 0 26 43 14 36 21 30 11 37 42
10 10 16 22 9 16 30 8 11 26 23 26 0 27 14 10 5 10 20 17 17
36 35 42 48 28 14 46 33 38 47 39 43 27 0 29 22 27 36 41 11 18
17 15 29 28 5 25 17 22 22 19 10 14 14 29 0 24 9 23 14 23 29
19 20 20 29 19 9 40 11 18 36 33 36 10 22 24 0 15 15 30 11 7
9 8 20 21 4 18 25 13 13 21 18 21 5 27 9 15 0 14 15 18 21
8 10 6 14 18 23 34 4 3 25 29 30 10 36 23 15 14 0 20 25 22
12 10 24 17 13 33 14 23 18 6 12 11 20 41 14 30 15 20 0 33 36
27 26 31 38 21 3 40 22 27 39 33 37 17 11 23 11 18 25 33 0 8
26 27 27 36 25 5 46 18 25 42 39 42 17 18 29 7 21 22 36 8 0
0 210
6 48
149 191
42 84
108 150
152 194
116 158
132 174
33 75
101 143
26 68
18 60
30 72
98 140
18 60
7 49
6 48
76 118
3 45
18 60
144 186
0
71
20
67
31
38
43
90
72
40
57
19
53
67
58
65
78
36
21
42
30
