21
652
0 20 28 24 19 37 15 26 24 34 19 2 31 27 29 36 14 9 42 26 15
20 0 8 11 16 33 15 29 20 21 17 18 27 27 16 32 17 11 35 32 27
28 8 0 10 24 30 20 32 20 15 19 26 26 27 13 30 25 19 32 36 35
24 11 10 0 27 22 11 22 10 10 9 23 16 17 5 21 27 18 24 26 36
19 16 24 27 0 48 27 41 35 37 30 18 42 40 32 47 5 14 51 43 15
37 33 30 22 48 0 22 17 13 16 18 37 6 11 17 1 46 35 6 20 51
15 15 20 11 27 22 0 14 9 20 4 15 16 13 15 21 24 13 27 17 29
26 29 32 22 41 17 14 0 12 24 13 26 12 6 21 16 38 27 23 4 40
24 20 20 10 35 13 9 12 0 12 5 24 7 7 9 12 33 22 18 16 38
34 21 15 10 37 16 20 24 12 0 16 33 14 19 5 16 37 28 17 28 46
19 17 19 9 30 18 4 13 5 16 0 19 12 10 11 17 28 17 23 17 33
2 18 26 23 18 37 15 26 24 33 19 0 31 27 28 36 13 7 42 27 14
31 27 26 16 42 6 16 12 7 14 12 31 0 6 13 5 40 29 12 16 45
27 27 27 17 40 11 13 6 7 19 10 27 6 0 16 10 37 26 17 10 41
29 16 13 5 32 17 15 21 9 5 11 28 13 16 0 17 32 23 19 25 41
36 32 30 21 47 1 21 16 12 16 17 36 5 10 17 0 45 34 7 19 50
14 17 25 27 5 46 24 38 33 37 28 13 40 37 32 45 0 11 51 40 10
9 11 19 18 14 35 13 27 22 28 17 7 29 26 23 34 11 0 40 29 18
42 35 32 24 51 6 27 23 18 17 23 42 12 17 19 7 51 40 0 26 56
26 32 36 26 43 20 17 4 16 28 17 27 16 10 25 19 40 29 26 0 41
15 27 35 36 15 51 29 40 38 46 33 14 45 41 41 50 10 18 56 41 0
0 227
2 70
32 100
114 182
90 158
9 77
145 213
17 85
103 171
90 158
74 142
64 132
8 76
113 181
130 198
141 209
82 150
96 164
118 186
112 180
10 78
0
31
59
80
39
37
53
51
64
56
46
52
60
46
50
40
58
27
17
60
77
