21
650
0 27 28 30 36 17 23 16 40 24 27 26 44 26 28 28 40 22 33 26 24
27 0 40 40 35 25 40 38 43 35 41 14 31 3 11 6 28 20 8 1 21
28 40 0 3 18 15 6 14 15 5 2 27 36 42 31 45 32 21 39 39 20
30 40 3 0 15 15 9 17 12 6 5 26 33 42 30 45 29 20 38 39 19
36 35 18 15 0 19 24 30 9 17 20 21 18 38 25 41 15 17 32 34 15
17 25 15 15 19 0 15 15 24 10 16 14 29 27 18 30 25 8 26 24 9
23 40 6 9 24 15 0 8 21 7 5 29 39 42 33 45 36 23 41 39 22
16 38 14 17 30 15 8 0 29 13 13 29 44 39 33 41 40 23 41 37 24
40 43 15 12 9 24 21 29 0 17 17 29 27 46 33 49 24 24 41 42 22
24 35 5 6 17 10 7 13 17 0 6 22 32 37 26 40 29 16 34 34 15
27 41 2 5 20 16 5 13 17 6 0 28 38 43 32 46 34 22 40 40 21
26 14 27 26 21 14 29 29 29 22 28 0 20 17 4 20 16 7 12 13 7
44 31 36 33 18 29 39 44 27 32 38 20 0 34 20 37 4 22 24 30 20
26 3 42 42 38 27 42 39 46 37 43 17 34 0 14 3 31 23 11 4 24
28 11 31 30 25 18 33 33 33 26 32 4 20 14 0 17 17 11 8 10 11
28 6 45 45 41 30 45 41 49 40 46 20 37 3 17 0 34 26 14 7 27
40 28 32 29 15 25 36 40 24 29 34 16 4 31 17 34 0 18 21 27 16
22 20 21 20 17 8 23 23 24 16 22 7 22 23 11 26 18 0 19 19 2
33 8 39 38 32 26 41 41 41 34 40 12 24 11 8 14 21 19 0 8 19
26 1 39 39 34 24 39 37 42 34 40 13 30 4 10 7 27 19 8 0 20
24 21 20 19 15 9 22 24 22 15 21 7 20 24 11 27 16 2 19 20 0
0 490
60 158
377 475
144 242
352 450
244 342
237 335
200 298
143 241
377 475
284 382
187 285
287 385
194 292
322 420
165 263
140 238
0 98
263 361
137 235
197 295
0
73
50
52
32
32
69
16
41
82
58
52
63
66
35
29
38
51
66
67
27
