21
650
0 32 45 23 20 31 38 24 43 6 34 28 39 27 41 27 42 32 41 24 25
32 0 14 14 19 28 8 24 29 26 33 37 18 38 31 38 34 15 22 19 11
45 14 0 23 28 41 14 37 39 40 46 50 26 51 41 51 44 27 30 32 20
23 14 23 0 5 34 22 28 40 19 39 40 31 40 41 40 44 26 35 24 3
20 19 28 5 0 37 27 30 45 18 41 41 36 41 45 41 47 31 40 27 8
31 28 41 34 37 0 27 7 13 25 5 12 19 14 10 14 11 14 18 10 32
38 8 14 22 27 27 0 25 25 32 32 38 12 39 27 39 30 13 16 20 19
24 24 37 28 30 7 25 0 19 18 11 13 20 14 17 14 18 13 20 5 27
43 29 39 40 45 13 25 19 0 37 14 24 13 26 4 26 7 14 9 19 37
6 26 40 19 18 25 32 18 37 0 29 24 33 24 35 24 36 26 35 18 20
34 33 46 39 41 5 32 11 14 29 0 10 23 12 10 12 10 19 21 15 37
28 37 50 40 41 12 38 13 24 24 10 0 31 2 20 2 20 26 30 18 39
39 18 26 31 36 19 12 20 13 33 23 31 0 33 16 33 19 7 4 16 28
27 38 51 40 41 14 39 14 26 24 12 2 33 0 22 0 22 27 32 19 40
41 31 41 41 45 10 27 17 4 35 10 20 16 22 0 22 3 16 12 18 39
27 38 51 40 41 14 39 14 26 24 12 2 33 0 22 0 22 27 32 19 40
42 34 44 44 47 11 30 18 7 36 10 20 19 22 3 22 0 19 15 20 42
32 15 27 26 31 14 13 13 14 26 19 26 7 27 16 27 19 0 9 9 23
41 22 30 35 40 18 16 20 9 35 21 30 4 32 12 32 15 9 0 17 32
24 19 32 24 27 10 20 5 19 18 15 18 16 19 18 19 20 9 17 0 22
25 11 20 3 8 32 19 27 37 20 37 39 28 40 39 40 42 23 32 22 0
0 455
26 208
27 209
99 281
46 228
99 281
81 263
196 378
180 362
272 454
136 318
101 283
62 244
73 255
5 187
156 338
106 288
112 294
165 347
222 404
151 333
0
56
60
56
66
47
57
51
52
52
62
10
56
75
55
75
33
20
66
33
18
