21
650
0 26 18 25 30 21 31 30 15 3 11 22 20 17 19 24 25 27 23 21 25
26 0 35 40 30 11 5 4 41 27 31 34 10 26 7 31 24 30 49 38 40
18 35 0 7 48 35 39 37 22 15 29 7 34 35 29 12 43 45 28 3 7
25 40 7 0 55 42 43 41 29 22 36 6 41 42 35 11 50 52 33 4 0
30 30 48 55 0 19 34 34 39 33 23 52 20 14 26 51 6 4 45 51 55
21 11 35 42 19 0 16 15 35 23 22 36 1 15 7 34 13 19 43 38 42
31 5 39 43 34 16 0 2 46 32 36 37 15 31 12 33 29 35 54 41 43
30 4 37 41 34 15 2 0 45 30 35 35 14 30 11 31 28 34 53 39 41
15 41 22 29 39 35 46 45 0 15 16 29 35 25 34 33 34 35 8 25 29
3 27 15 22 33 23 32 30 15 0 14 19 22 20 20 21 28 30 23 18 22
11 31 29 36 23 22 36 35 16 14 0 33 22 9 24 35 18 19 23 32 36
22 34 7 6 52 36 37 35 29 19 33 0 35 39 29 5 46 49 35 5 6
20 10 34 41 20 1 15 14 35 22 22 35 0 16 6 33 14 20 43 37 41
17 26 35 42 14 15 31 30 25 20 9 39 16 0 21 40 9 10 32 38 42
19 7 29 35 26 7 12 11 34 20 24 29 6 21 0 27 20 26 42 32 35
24 31 12 11 51 34 33 31 33 21 35 5 33 40 27 0 45 50 40 10 11
25 24 43 50 6 13 29 28 34 28 18 46 14 9 20 45 0 6 41 46 50
27 30 45 52 4 19 35 34 35 30 19 49 20 10 26 50 6 0 41 48 52
23 49 28 33 45 43 54 53 8 23 23 35 43 32 42 40 41 41 0 30 33
21 38 3 4 51 38 41 39 25 18 32 5 37 38 32 10 46 48 30 0 4
25 40 7 0 55 42 43 41 29 22 36 6 41 42 35 11 50 52 33 4 0
0 438
37 168
211 342
39 170
281 412
104 235
169 300
21 152
289 420
131 262
20 151
248 379
186 317
14 145
200 331
126 257
125 256
182 313
186 317
114 245
76 207
0
55
26
35
66
71
39
49
72
28
70
45
24
61
17
60
86
34
79
70
13
