21
651
0 37 37 19 46 19 35 47 37 23 18 23 38 47 22 10 41 23 28 15 30
37 0 33 36 43 36 8 11 38 17 28 24 34 14 18 28 28 16 37 23 7
37 33 0 20 11 20 25 33 6 38 19 45 1 31 23 39 9 37 11 36 32
19 36 20 0 27 0 30 42 18 32 8 36 21 42 18 25 27 31 9 25 30
46 43 11 27 0 27 35 40 9 49 29 56 10 37 34 49 15 48 18 47 43
19 36 20 0 27 0 30 42 18 32 8 36 21 42 18 25 27 31 9 25 30
35 8 25 30 35 30 0 12 30 19 22 27 26 12 13 28 20 18 29 23 10
47 11 33 42 40 42 12 0 39 28 34 35 33 3 25 39 25 27 40 34 18
37 38 6 18 9 18 30 39 0 42 20 49 6 36 27 40 14 41 9 38 37
23 17 38 32 49 32 19 28 42 0 24 8 39 30 15 13 36 1 36 8 10
18 28 19 8 29 8 22 34 20 24 0 29 20 34 10 20 23 23 13 18 22
23 24 45 36 56 36 27 35 49 8 29 0 46 38 22 13 44 9 42 11 18
38 34 1 21 10 21 26 33 6 39 20 46 0 30 24 40 8 38 12 37 33
47 14 31 42 37 42 12 3 36 30 34 38 30 0 25 40 22 29 39 35 20
22 18 23 18 34 18 13 25 27 15 10 22 24 25 0 18 23 14 22 13 12
10 28 39 25 49 25 28 39 40 13 20 13 40 40 18 0 41 13 33 5 21
41 28 9 27 15 27 20 25 14 36 23 44 8 22 23 41 0 35 19 36 29
23 16 37 31 48 31 18 27 41 1 23 9 38 29 14 13 35 0 35 8 9
28 37 11 9 18 9 29 40 9 36 13 42 12 39 22 33 19 35 0 31 34
15 23 36 25 47 25 23 34 38 8 18 11 37 35 13 5 36 8 31 0 16
30 7 32 30 43 30 10 18 37 10 22 18 33 20 12 21 29 9 34 16 0
0 350
101 241
134 274
132 272
83 223
78 218
137 277
184 324
150 290
204 344
156 296
68 208
65 205
187 327
184 324
124 264
96 236
4 144
80 220
150 290
88 228
0
56
51
52
71
38
18
46
55
11
69
71
41
58
67
53
53
36
42
68
45
