21
650
0 17 22 24 44 45 26 40 19 25 40 19 16 25 34 43 14 17 26 34 25
17 0 21 22 29 32 17 26 8 15 24 15 20 25 20 29 3 6 14 17 13
22 21 0 42 32 53 38 28 13 36 42 35 6 4 41 50 19 27 35 33 34
24 22 42 0 51 29 9 48 30 12 32 7 38 46 23 28 23 16 16 33 16
44 29 32 51 0 41 42 4 25 39 27 44 37 33 34 38 31 35 35 19 35
45 32 53 29 41 0 21 41 40 21 14 28 52 57 12 3 35 28 19 24 20
26 17 38 9 42 21 0 40 25 3 23 7 36 42 14 20 19 11 7 24 7
40 26 28 48 4 41 40 0 21 37 27 41 33 29 33 38 28 32 33 18 33
19 8 13 30 25 40 25 21 0 23 29 23 14 17 28 37 8 14 22 20 21
25 15 36 12 39 21 3 37 23 0 20 8 34 40 11 19 17 9 4 21 4
40 24 42 32 27 14 23 27 29 20 0 28 43 46 9 11 27 23 16 10 16
19 15 35 7 44 28 7 41 23 8 28 0 31 39 19 27 16 9 12 28 12
16 20 6 38 37 52 36 33 14 34 43 31 0 9 40 49 17 25 33 34 32
25 25 4 46 33 57 42 29 17 40 46 39 9 0 45 54 23 31 39 36 38
34 20 41 23 34 12 14 33 28 11 9 19 40 45 0 9 23 17 8 15 9
43 29 50 28 38 3 20 38 37 19 11 27 49 54 9 0 32 26 17 21 18
14 3 19 23 31 35 19 28 8 17 27 16 17 23 23 32 0 8 16 20 15
17 6 27 16 35 28 11 32 14 9 23 9 25 31 17 26 8 0 9 20 8
26 14 35 16 35 19 7 33 22 4 16 12 33 39 8 17 16 9 0 17 1
34 17 33 33 19 24 24 18 20 21 10 28 34 36 15 21 20 20 17 0 17
25 13 34 16 35 20 7 33 21 4 16 12 32 38 9 18 15 8 1 17 0
0 297
84 113
267 296
129 158
256 285
198 227
47 76
81 110
211 240
76 105
227 256
218 247
149 178
68 97
3 32
227 256
157 186
209 238
64 93
34 63
28 57
0
55
49
46
57
44
43
44
61
45
32
52
15
54
37
69
59
92
74
34
38
