21
652
0 34 26 26 28 14 8 29 11 31 5 18 19 28 18 19 15 12 8 28 15
34 0 8 9 37 31 34 25 37 22 35 51 23 22 52 46 46 34 39 23 41
26 8 0 2 30 23 27 18 30 17 27 43 15 21 44 38 39 26 31 22 33
26 9 2 0 28 22 29 16 31 15 27 43 14 23 44 37 40 25 31 24 32
28 37 30 28 0 14 36 14 39 18 23 33 15 47 41 21 42 16 25 48 17
14 31 23 22 14 0 22 17 25 20 10 24 9 35 29 16 29 4 13 36 11
8 34 27 29 36 22 0 36 3 38 13 23 26 23 18 27 12 20 15 23 23
29 25 18 16 14 17 36 0 39 4 27 41 10 39 46 31 44 21 30 40 26
11 37 30 31 39 25 3 39 0 41 16 23 29 23 17 29 10 23 17 23 26
31 22 17 15 18 20 38 4 41 0 29 44 12 38 48 35 46 24 33 39 30
5 35 27 27 23 10 13 27 16 29 0 16 17 33 19 14 19 7 4 33 10
18 51 43 43 33 24 23 41 23 44 16 0 33 45 10 13 17 20 12 46 16
19 23 15 14 15 9 26 10 29 12 17 33 0 32 36 24 34 13 21 33 19
28 22 21 23 47 35 23 39 23 38 33 45 32 0 40 47 33 36 36 1 43
18 52 44 44 41 29 18 46 17 48 19 10 36 40 0 23 8 25 16 40 24
19 46 38 37 21 16 27 31 29 35 14 13 24 47 23 0 27 12 12 47 5
15 46 39 40 42 29 12 44 10 46 19 17 34 33 8 27 0 26 17 33 27
12 34 26 25 16 4 20 21 23 24 7 20 13 36 25 12 26 0 9 37 7
8 39 31 31 25 13 15 30 17 33 4 12 21 36 16 12 17 9 0 36 10
28 23 22 24 48 36 23 40 23 39 33 46 33 1 40 47 33 37 36 0 43
15 41 33 32 17 11 23 26 26 30 10 16 19 43 24 5 27 7 10 43 0
0 262
124 228
117 221
80 184
124 228
151 255
89 193
124 228
39 143
40 144
69 173
120 224
65 169
102 206
68 172
100 204
49 153
25 129
56 160
4 108
53 157
0
34
43
37
63
13
53
70
53
66
32
58
32
68
34
62
58
67
73
51
36
