21
650
0 18 20 36 21 38 44 30 20 40 37 5 17 6 21 26 30 24 11 39 36
18 0 12 18 27 20 29 21 26 22 19 13 12 20 15 22 12 17 22 21 18
20 12 0 18 17 29 24 10 16 22 21 16 23 24 27 10 22 29 29 31 20
36 18 18 0 34 17 12 14 33 4 3 31 30 38 32 23 15 33 40 20 3
21 27 17 34 0 46 35 21 1 38 37 21 34 27 38 12 39 41 32 48 37
38 20 29 17 46 0 29 31 45 19 15 33 25 39 25 39 8 24 39 3 14
44 29 24 12 35 29 0 14 34 10 14 40 41 48 44 23 27 45 51 32 15
30 21 10 14 21 31 14 0 20 17 17 26 33 34 36 9 26 38 39 34 17
20 26 16 33 1 45 34 20 0 37 36 20 33 26 37 11 38 40 31 47 36
40 22 22 4 38 19 10 17 37 0 4 35 34 42 36 26 18 37 44 22 5
37 19 21 3 37 15 14 17 36 4 0 32 30 39 32 26 14 33 41 18 1
5 13 16 31 21 33 40 26 20 35 32 0 14 8 18 24 25 21 13 34 31
17 12 23 30 34 25 41 33 33 34 30 14 0 15 4 33 18 7 14 25 29
6 20 24 38 27 39 48 34 26 42 39 8 15 0 17 32 31 20 5 40 38
21 15 27 32 38 25 44 36 37 36 32 18 4 17 0 37 19 3 15 24 31
26 22 10 23 12 39 23 9 11 26 26 24 33 32 37 0 32 39 37 41 26
30 12 22 15 39 8 27 26 38 18 14 25 18 31 19 32 0 19 32 9 13
24 17 29 33 41 24 45 38 40 37 33 21 7 20 3 39 19 0 18 23 32
11 22 29 40 32 39 51 39 31 44 41 13 14 5 15 37 32 18 0 39 40
39 21 31 20 48 3 32 34 47 22 18 34 25 40 24 41 9 23 39 0 17
36 18 20 3 37 14 15 17 36 5 1 31 29 38 31 26 13 32 40 17 0
0 245
143 192
47 96
138 187
152 201
34 83
180 229
69 118
193 242
150 199
165 214
163 212
145 194
13 62
193 242
181 230
130 179
44 93
88 137
80 129
27 76
0
73
70
63
75
62
35
28
48
59
49
34
33
60
27
29
65
60
31
45
53
