21
650
0 23 19 2 27 16 41 43 14 25 43 23 18 10 49 10 13 16 33 46 4
23 0 21 24 31 14 22 20 16 22 26 18 14 13 32 22 26 12 10 24 19
19 21 0 17 10 26 28 32 6 6 47 33 8 19 53 26 10 9 27 33 18
2 24 17 0 25 17 40 42 13 23 44 24 17 11 50 12 11 15 34 45 5
27 31 10 25 0 36 34 38 16 11 57 43 18 29 63 35 14 19 35 39 27
16 14 26 17 36 0 36 34 20 29 27 7 20 7 33 8 26 18 24 38 12
41 22 28 40 34 36 0 6 29 23 40 40 24 34 44 43 38 25 14 5 38
43 20 32 42 38 34 6 0 31 27 35 37 26 33 38 42 41 27 10 4 39
14 16 6 13 16 20 29 31 0 11 42 27 5 13 48 20 10 4 24 34 12
25 22 6 23 11 29 23 27 11 0 48 36 9 22 54 31 16 11 24 28 23
43 26 47 44 57 27 40 35 42 48 0 21 40 33 6 34 51 38 27 39 39
23 18 33 24 43 7 40 37 27 36 21 0 27 14 27 13 33 25 27 41 19
18 14 8 17 18 20 24 26 5 9 40 27 0 13 46 22 15 2 20 29 15
10 13 19 11 29 7 34 33 13 22 33 14 13 0 39 9 19 11 23 37 6
49 32 53 50 63 33 44 38 48 54 6 27 46 39 0 40 57 44 31 42 45
10 22 26 12 35 8 43 42 20 31 34 13 22 9 40 0 23 20 32 46 8
13 26 10 11 14 26 38 41 10 16 51 33 15 19 57 23 0 14 34 43 15
16 12 9 15 19 18 25 27 4 11 38 25 2 11 44 20 14 0 20 30 13
33 10 27 34 35 24 14 10 24 24 27 27 20 23 31 32 34 20 0 14 29
46 24 33 45 39 38 5 4 34 28 39 41 29 37 42 46 43 30 14 0 43
4 19 18 5 27 12 38 39 12 23 39 19 15 6 45 8 15 13 29 43 0
0 508
206 460
137 391
244 498
206 460
37 291
121 375
82 336
183 437
204 458
22 276
37 291
170 424
98 352
252 506
85 339
123 377
25 279
165 419
213 467
229 483
0
44
73
46
40
73
31
25
59
50
58
50
41
48
61
35
32
60
48
61
65
