21
651
0 5 23 12 41 37 48 5 23 10 41 12 21 37 46 39 43 26 10 5 12
5 0 18 11 36 33 43 4 18 9 36 12 20 33 41 34 39 23 7 7 7
23 18 0 16 24 18 28 21 3 17 21 26 18 18 29 24 22 22 17 25 15
12 11 16 0 39 25 44 15 18 2 37 23 9 25 44 39 32 31 17 17 16
41 36 24 39 0 35 8 36 21 40 5 39 41 35 5 3 33 19 31 40 29
37 33 18 25 35 0 35 37 20 27 30 43 18 0 38 36 7 40 34 40 32
48 43 28 44 8 35 0 44 26 45 7 47 46 35 4 11 32 27 39 48 37
5 4 21 15 36 37 44 0 21 13 37 8 24 37 41 34 42 21 5 4 7
23 18 3 18 21 20 26 21 0 19 19 25 20 20 26 21 23 20 16 25 14
10 9 17 2 40 27 45 13 19 0 38 21 11 27 45 39 34 31 15 15 15
41 36 21 37 5 30 7 37 19 38 0 41 39 30 8 8 28 23 32 41 30
12 12 26 23 39 43 47 8 25 21 41 0 32 43 44 36 48 21 9 7 11
21 20 18 9 41 18 46 24 20 11 39 32 0 18 46 41 25 38 25 26 24
37 33 18 25 35 0 35 37 20 27 30 43 18 0 38 36 7 40 34 40 32
46 41 29 44 5 38 4 41 26 45 8 44 46 38 0 8 35 24 36 45 34
39 34 24 39 3 36 11 34 21 39 8 36 41 36 8 0 36 16 29 38 27
43 39 22 32 33 7 32 42 23 34 28 48 25 7 35 36 0 42 39 46 37
26 23 22 31 19 40 27 21 20 31 23 21 38 40 24 16 42 0 16 25 16
10 7 17 17 31 34 39 5 16 15 32 9 25 34 36 29 39 16 0 9 2
5 7 25 17 40 40 48 4 25 15 41 7 26 40 45 38 46 25 9 0 11
12 7 15 16 29 32 37 7 14 15 30 11 24 32 34 27 37 16 2 11 0
0 227
95 117
69 91
67 89
101 123
116 138
59 81
43 65
131 153
187 209
168 190
2 24
78 100
77 99
94 116
190 212
141 163
61 83
71 93
155 177
15 37
0
55
27
60
47
25
49
55
61
53
48
64
44
69
20
61
38
46
55
73
51
