21
650
0 16 5 16 31 10 37 24 14 37 4 23 9 7 39 39 11 40 35 31 34
16 0 21 32 15 11 31 30 16 24 14 7 10 23 41 27 13 24 19 19 28
5 21 0 11 36 14 40 23 17 41 8 28 13 2 39 43 15 45 40 35 37
16 32 11 0 47 24 48 25 26 52 19 39 24 9 42 54 25 56 51 46 46
31 15 36 47 0 26 34 44 29 18 29 10 25 38 50 23 25 12 6 18 31
10 11 14 24 26 0 27 19 5 29 6 16 1 15 31 31 16 32 29 23 24
37 31 40 48 34 27 0 27 23 20 33 27 28 41 20 16 42 28 32 17 3
24 30 23 25 44 19 27 0 15 40 21 34 20 23 17 39 34 47 46 34 26
14 16 17 26 29 5 23 15 0 27 10 19 6 18 26 29 21 33 31 21 20
37 24 41 52 18 29 20 40 27 0 33 17 28 43 39 5 37 8 12 6 18
4 14 8 19 29 6 33 21 10 33 0 20 5 10 36 35 13 37 33 27 30
23 7 28 39 10 16 27 34 19 17 20 0 15 30 41 21 20 17 13 13 24
9 10 13 24 25 1 28 20 6 28 5 15 0 15 32 30 15 32 28 22 25
7 23 2 9 38 15 41 23 18 43 10 30 15 0 39 45 17 47 42 37 38
39 41 39 42 50 31 20 17 26 39 36 41 32 39 0 36 47 47 49 34 21
39 27 43 54 23 31 16 39 29 5 35 21 30 45 36 0 40 13 17 8 15
11 13 15 25 25 16 42 34 21 37 13 20 15 17 47 40 0 36 31 32 39
40 24 45 56 12 32 28 47 33 8 37 17 32 47 47 13 36 0 6 13 26
35 19 40 51 6 29 32 46 31 12 33 13 28 42 49 17 31 6 0 15 29
31 19 35 46 18 23 17 34 21 6 27 13 22 37 34 8 32 13 15 0 14
34 28 37 46 31 24 3 26 20 18 30 24 25 38 21 15 39 26 29 14 0
0 297
112 112
56 56
226 226
105 105
275 275
79 79
106 106
29 29
163 163
218 218
57 57
177 177
120 120
35 35
193 193
216 216
81 81
234 234
205 205
38 38
0
58
50
16
85
43
75
27
33
45
61
37
31
68
76
84
87
43
30
27
24
