21
651
0 24 20 23 24 24 12 35 33 39 25 2 24 35 13 10 40 10 16 25 39
24 0 16 1 4 18 17 19 41 25 49 26 48 46 11 34 33 25 8 22 23
20 16 0 15 19 4 8 34 49 40 44 22 43 53 15 29 48 14 15 33 38
23 1 15 0 4 18 16 19 40 25 48 25 47 45 10 33 33 24 7 21 23
24 4 19 4 0 22 18 15 37 21 49 26 48 43 11 34 29 26 8 18 19
24 18 4 18 22 0 12 37 53 43 47 26 46 57 19 32 51 17 18 36 41
12 17 8 16 18 12 0 32 42 38 36 14 35 45 9 21 43 8 11 28 36
35 19 34 19 15 37 32 0 31 6 59 35 58 38 24 44 16 39 21 14 4
33 41 49 40 37 53 42 31 0 29 44 31 43 7 34 37 20 43 35 19 31
39 25 40 25 21 43 38 6 29 0 61 39 60 36 29 48 11 44 27 15 2
25 49 44 48 49 47 36 59 44 61 0 24 1 42 38 15 60 30 41 46 62
2 26 22 25 26 26 14 35 31 39 24 0 23 33 15 9 40 12 18 25 39
24 48 43 47 48 46 35 58 43 60 1 23 0 41 37 14 59 29 40 45 61
35 46 53 45 43 57 45 38 7 36 42 33 41 0 38 37 27 45 40 25 38
13 11 15 10 11 19 9 24 34 29 38 15 37 38 0 23 34 15 3 19 28
10 34 29 33 34 32 21 44 37 48 15 9 14 37 23 0 49 15 26 34 48
40 33 48 33 29 51 43 16 20 11 60 40 59 27 34 49 0 48 33 15 13
10 25 14 24 26 17 8 39 43 44 30 12 29 45 15 15 48 0 18 33 43
16 8 15 7 8 18 11 21 35 27 41 18 40 40 3 26 33 18 0 18 25
25 22 33 21 18 36 28 14 19 15 46 25 45 25 19 34 15 33 18 0 16
39 23 38 23 19 41 36 4 31 2 62 39 61 38 28 48 13 43 25 16 0
0 297
4 93
196 285
66 155
120 209
163 252
136 225
60 149
33 122
179 268
52 141
61 150
145 234
6 95
192 281
162 251
159 248
54 143
138 227
55 144
183 272
0
39
79
67
53
19
73
45
45
54
61
57
31
39
21
61
62
68
35
40
52
