21
649
0 38 31 25 35 32 25 29 25 22 35 32 35 40 31 42 26 10 12 41 45
38 0 17 30 30 55 14 27 13 39 38 16 38 18 32 35 55 38 44 30 37
31 17 0 13 13 39 9 11 11 24 22 1 22 9 16 20 40 28 34 16 23
25 30 13 0 10 26 17 4 19 11 12 14 12 20 6 17 27 18 24 16 20
35 30 13 10 0 32 21 6 23 20 11 14 11 14 7 7 36 28 34 6 10
32 55 39 26 32 0 41 29 43 16 22 40 22 45 25 34 9 22 21 37 36
25 14 9 17 21 41 0 17 2 25 28 9 28 17 22 28 41 25 31 24 31
29 27 11 4 6 29 17 0 19 15 11 11 11 16 5 13 31 22 28 12 16
25 13 11 19 23 43 2 19 0 27 30 11 30 19 24 30 42 25 31 26 33
22 39 24 11 20 16 25 15 27 0 14 25 14 31 13 25 16 12 15 26 28
35 38 22 12 11 22 28 11 30 14 0 22 0 25 6 12 28 26 29 15 14
32 16 1 14 14 40 9 11 11 25 22 0 22 8 16 20 41 29 35 15 22
35 38 22 12 11 22 28 11 30 14 0 22 0 25 6 12 28 26 29 15 14
40 18 9 20 14 45 17 16 19 31 25 8 25 0 20 17 47 37 43 12 19
31 32 16 6 7 25 22 5 24 13 6 16 6 20 0 12 29 23 28 13 15
42 35 20 17 7 34 28 13 30 25 12 20 12 17 12 0 40 35 40 5 3
26 55 40 27 36 9 41 31 42 16 28 41 28 47 29 40 0 18 14 42 42
10 38 28 18 28 22 25 22 25 12 26 29 26 37 23 35 18 0 6 34 38
12 44 34 24 34 21 31 28 31 15 29 35 29 43 28 40 14 6 0 40 43
41 30 16 16 6 37 24 12 26 26 15 15 15 12 13 5 42 34 40 0 7
45 37 23 20 10 36 31 16 33 28 14 22 14 19 15 3 42 38 43 7 0
0 508
358 358
17 17
171 171
0 0
162 162
375 375
58 58
81 81
368 368
116 116
5 5
2 2
416 416
461 461
183 183
368 368
89 89
36 36
131 131
427 427
0
51
68
34
64
48
63
38
73
15
71
32
38
68
77
29
42
57
56
16
57
