21
650
0 37 27 15 9 28 31 25 32 32 29 41 32 30 3 28 41 20 26 39 29
37 0 12 23 36 9 20 14 20 18 24 6 30 20 40 32 10 26 11 14 9
27 12 0 16 28 8 10 2 24 8 13 18 32 9 30 32 21 23 8 23 3
15 23 16 0 13 14 24 14 18 23 25 26 21 23 18 18 26 8 12 24 17
9 36 28 13 0 27 35 26 26 35 34 39 24 34 10 20 38 13 25 35 30
28 9 8 14 27 0 18 9 16 16 21 13 25 17 31 25 14 18 2 15 5
31 20 10 24 35 18 0 10 34 2 4 26 41 1 34 41 30 32 18 33 13
25 14 2 14 26 9 10 0 24 9 12 20 31 9 28 31 23 22 8 24 5
32 20 24 18 26 16 34 24 0 32 36 17 10 33 35 13 14 13 16 10 21
32 18 8 23 35 16 2 9 32 0 6 24 40 2 35 40 28 31 16 31 11
29 24 13 25 34 21 4 12 36 6 0 30 43 4 32 43 34 33 20 36 16
41 6 18 26 39 13 26 20 17 24 30 0 27 26 44 30 4 27 15 9 15
32 30 32 21 24 25 41 31 10 40 43 27 0 40 34 4 24 13 24 19 30
30 20 9 23 34 17 1 9 33 2 4 26 40 0 33 40 30 31 17 32 12
3 40 30 18 10 31 34 28 35 35 32 44 34 33 0 30 44 22 29 42 32
28 32 32 18 20 25 41 31 13 40 43 30 4 40 30 0 27 10 24 23 30
41 10 21 26 38 14 30 23 14 28 34 4 24 30 44 27 0 25 16 5 18
20 26 23 8 13 18 32 22 13 31 33 27 13 31 22 10 25 0 16 22 22
26 11 8 12 25 2 18 8 16 16 20 15 24 17 29 24 16 16 0 17 6
39 14 23 24 35 15 33 24 10 31 36 9 19 32 42 23 5 22 17 0 20
29 9 3 17 30 5 13 5 21 11 16 15 30 12 32 30 18 22 6 20 0
0 490
434 434
237 237
44 44
75 75
97 97
425 425
484 484
200 200
196 196
410 410
164 164
2 2
53 53
165 165
96 96
340 340
463 463
318 318
4 4
243 243
0
39
66
55
25
82
32
31
70
43
21
27
45
33
57
89
20
71
76
68
49
