21
651
0 8 22 27 27 15 30 17 23 12 16 20 12 25 20 12 7 27 16 14 25
8 0 20 19 21 8 27 15 31 4 24 24 20 19 12 18 15 20 24 7 24
22 20 0 28 8 14 9 5 31 16 36 13 21 37 18 17 25 15 26 26 5
27 19 28 0 23 15 29 24 50 17 43 37 38 16 10 35 34 16 43 15 33
27 21 8 23 0 13 6 10 39 17 42 21 29 35 15 25 31 7 34 26 13
15 8 14 15 13 0 19 9 35 4 31 22 23 23 5 20 22 12 28 13 18
30 27 9 29 6 19 0 13 38 23 45 20 30 41 21 26 34 13 35 32 10
17 15 5 24 10 9 13 0 30 11 32 13 19 32 14 15 21 14 24 21 9
23 31 31 50 39 35 38 30 0 33 20 18 12 48 40 15 16 44 7 37 28
12 4 16 17 17 4 23 11 33 0 28 22 21 21 8 18 19 16 26 10 20
16 24 36 43 42 31 45 32 20 28 0 28 15 36 36 19 11 43 14 28 36
20 24 13 37 21 22 20 13 18 22 28 0 13 43 27 9 18 27 16 31 10
12 20 21 38 29 23 30 19 12 21 15 13 0 37 28 4 6 33 5 26 21
25 19 37 16 35 23 41 32 48 21 36 43 37 0 20 37 32 30 41 12 41
20 12 18 10 15 5 21 14 40 8 36 27 28 20 0 25 27 10 33 13 23
12 18 17 35 25 20 26 15 15 18 19 9 4 37 25 0 9 29 9 25 17
7 15 25 34 31 22 34 21 16 19 11 18 6 32 27 9 0 33 9 21 26
27 20 15 16 7 12 13 14 44 16 43 27 33 30 10 29 33 0 38 23 20
16 24 26 43 34 28 35 24 7 26 14 16 5 41 33 9 9 38 0 30 26
14 7 26 15 26 13 32 21 37 10 28 31 26 12 13 25 21 23 30 0 30
25 24 5 33 13 18 10 9 28 20 36 10 21 41 23 17 26 20 26 30 0
0 350
138 313
125 300
10 185
41 216
172 347
64 239
151 326
173 348
94 269
9 184
121 296
57 232
45 220
47 222
104 279
55 230
104 279
49 224
38 213
132 307
0
75
35
68
36
61
70
39
59
34
22
44
66
71
65
58
65
36
38
44
15
