21
650
0 28 24 39 27 41 29 1 37 10 49 22 6 25 23 27 29 35 32 43 46
28 0 34 37 3 50 32 28 31 27 59 30 31 44 15 26 20 39 41 29 32
24 34 0 16 36 17 6 23 17 14 26 4 19 13 19 10 18 11 8 27 27
39 37 16 0 40 16 10 38 7 29 25 17 34 27 23 13 17 7 12 17 16
27 3 36 40 0 52 34 28 34 28 61 32 31 45 17 28 23 41 43 32 35
41 50 17 16 52 0 18 40 23 31 9 21 36 21 35 24 31 11 9 33 32
29 32 6 10 34 18 0 28 11 19 27 7 24 19 17 6 14 7 9 21 21
1 28 23 38 28 40 28 0 36 9 48 21 5 24 23 26 29 34 31 43 46
37 31 17 7 34 23 11 36 0 27 32 17 33 30 18 10 11 13 18 10 10
10 27 14 29 28 31 19 9 27 0 40 12 6 18 17 17 21 25 22 35 37
49 59 26 25 61 9 27 48 32 40 0 30 43 24 44 33 40 20 18 42 41
22 30 4 17 32 21 7 21 17 12 30 0 17 15 16 8 15 13 12 26 27
6 31 19 34 31 36 24 5 33 6 43 17 0 19 23 23 27 30 27 41 43
25 44 13 27 45 21 19 24 30 18 24 15 19 0 31 23 30 20 15 40 40
23 15 19 23 17 35 17 23 18 17 44 16 23 31 0 11 7 24 26 21 24
27 26 10 13 28 24 6 26 10 17 33 8 23 23 11 0 8 13 15 18 20
29 20 18 17 23 31 14 29 11 21 40 15 27 30 7 8 0 20 23 14 17
35 39 11 7 41 11 7 34 13 25 20 13 30 20 24 13 20 0 5 23 23
32 41 8 12 43 9 9 31 18 22 18 12 27 15 26 15 23 5 0 28 28
43 29 27 17 32 33 21 43 10 35 42 26 41 40 21 18 14 23 28 0 3
46 32 27 16 35 32 21 46 10 37 41 27 43 40 24 20 17 23 28 3 0
0 280
104 216
17 129
128 240
14 126
131 243
65 177
20 132
69 181
90 202
6 118
3 115
30 142
92 204
94 206
68 180
93 205
125 237
17 129
48 160
161 273
0
65
39
54
70
66
52
40
49
51
64
16
53
59
30
73
50
58
34
49
27
