21
652
0 32 19 16 22 21 12 25 12 29 24 1 9 8 27 10 18 23 18 31 26
32 0 47 38 53 52 37 29 31 4 8 32 34 24 5 35 14 28 29 33 26
19 47 0 32 9 13 28 29 31 46 39 20 27 23 42 12 33 42 23 32 45
16 38 32 0 30 26 4 41 7 34 33 15 7 23 36 26 30 15 34 47 19
22 53 9 30 0 4 26 38 31 51 45 23 27 29 48 19 39 42 31 41 46
21 52 13 26 4 0 23 39 28 50 44 21 24 28 47 20 38 39 32 44 43
12 37 28 4 26 23 0 37 6 33 31 11 3 19 34 22 26 16 30 43 20
25 29 29 41 38 39 37 0 36 29 22 26 34 19 24 19 18 42 7 6 44
12 31 31 7 31 28 6 36 0 27 26 11 4 17 29 22 23 11 29 42 15
29 4 46 34 51 50 33 29 27 0 7 29 30 23 6 34 13 24 28 34 22
24 8 39 33 45 44 31 22 26 7 0 25 28 16 3 27 6 26 21 27 26
1 32 20 15 23 21 11 26 11 29 25 0 8 9 28 11 19 22 19 32 25
9 34 27 7 27 24 3 34 4 30 28 8 0 16 31 19 23 15 27 40 19
8 24 23 23 29 28 19 19 17 23 16 9 16 0 19 11 10 24 12 25 27
27 5 42 36 48 47 34 24 29 6 3 28 31 19 0 30 9 28 24 29 27
10 35 12 26 19 20 22 19 22 34 27 11 19 11 30 0 21 33 12 24 36
18 14 33 30 39 38 26 18 23 13 6 19 23 10 9 21 0 26 15 23 26
23 28 42 15 42 39 16 42 11 24 26 22 15 24 28 33 26 0 36 48 4
18 29 23 34 31 32 30 7 29 28 21 19 27 12 24 12 15 36 0 13 39
31 33 32 47 41 44 43 6 42 34 27 32 40 25 29 24 23 48 13 0 49
26 26 45 19 46 43 20 44 15 22 26 25 19 27 27 36 26 4 39 49 0
0 245
43 116
102 175
30 103
2 75
115 188
35 108
163 236
130 203
106 179
145 218
138 211
110 183
158 231
110 183
90 163
131 204
98 171
36 109
87 160
19 92
0
34
36
87
43
27
74
41
74
35
40
78
55
21
46
27
75
49
18
44
98
