21
649
0 31 26 18 18 19 23 32 11 46 25 13 8 19 38 9 8 18 37 37 24
31 0 16 15 21 17 23 47 21 42 35 26 34 36 39 40 36 23 6 7 24
26 16 0 9 27 23 8 31 15 27 19 28 25 23 23 33 27 11 21 23 8
18 15 9 0 18 14 10 33 7 34 21 19 20 22 28 27 22 9 21 22 11
18 21 27 18 0 4 28 47 15 52 36 6 26 34 46 27 26 24 24 23 29
19 17 23 14 4 0 24 45 13 48 34 9 26 32 42 28 26 22 20 19 25
23 23 8 10 28 24 0 24 13 24 12 27 19 16 18 27 21 5 29 30 1
32 47 31 33 47 45 24 0 32 26 12 45 24 13 18 31 26 24 52 54 23
11 21 15 7 15 13 13 32 0 37 21 14 13 19 31 20 15 9 26 27 14
46 42 27 34 52 48 24 26 37 0 23 51 40 30 9 48 42 29 46 48 23
25 35 19 21 36 34 12 12 21 23 0 35 17 7 14 25 19 12 40 42 11
13 26 28 19 6 9 27 45 14 51 35 0 21 32 45 21 21 23 29 28 28
8 34 25 20 26 26 19 24 13 40 17 21 0 11 31 8 2 15 39 40 20
19 36 23 22 34 32 16 13 19 30 7 32 11 0 21 19 13 13 42 43 15
38 39 23 28 46 42 18 18 31 9 14 45 31 21 0 39 33 22 44 46 17
9 40 33 27 27 28 27 31 20 48 25 21 8 19 39 0 6 23 46 46 28
8 36 27 22 26 26 21 26 15 42 19 21 2 13 33 6 0 17 41 42 22
18 23 11 9 24 22 5 24 9 29 12 23 15 13 22 23 17 0 29 30 6
37 6 21 21 24 20 29 52 26 46 40 29 39 42 44 46 41 29 0 2 29
37 7 23 22 23 19 30 54 27 48 42 28 40 43 46 46 42 30 2 0 31
24 24 8 11 29 25 1 23 14 23 11 28 20 15 17 28 22 6 29 31 0
0 490
72 121
315 364
251 300
5 54
361 410
100 149
409 458
414 463
416 465
289 338
394 443
320 369
146 195
300 349
378 427
44 93
260 309
296 345
75 124
408 457
0
42
88
70
32
51
58
73
90
15
48
46
42
54
52
41
66
29
36
30
35
