21
650
0 35 35 21 38 18 19 35 20 27 37 35 3 38 20 36 29 15 38 5 36
35 0 39 15 43 33 16 18 19 15 17 23 33 12 43 43 32 22 45 30 10
35 39 0 40 5 52 38 22 44 24 23 17 32 30 22 6 7 41 8 38 30
21 15 40 0 44 19 2 26 5 18 27 28 21 24 35 44 33 7 46 16 22
38 43 5 44 0 55 42 27 48 28 28 22 35 35 22 2 11 45 3 41 35
18 33 52 19 55 0 18 43 14 35 44 45 21 42 38 54 45 12 56 14 40
19 16 38 2 42 18 0 25 6 17 26 27 19 24 33 42 31 6 44 15 22
35 18 22 26 27 43 25 0 31 8 2 5 32 8 34 28 18 31 30 33 8
20 19 44 5 48 14 6 31 0 23 32 33 22 29 38 48 37 5 50 15 27
27 15 24 18 28 35 17 8 23 0 10 10 24 12 29 28 17 23 30 25 10
37 17 23 27 28 44 26 2 32 10 0 6 34 7 36 29 20 32 31 35 7
35 23 17 28 22 45 27 5 33 10 6 0 32 13 31 23 14 33 25 34 13
3 33 32 21 35 21 19 32 22 24 34 32 0 36 17 33 26 17 35 7 34
38 12 30 24 35 42 24 8 29 12 7 13 36 0 41 36 26 30 38 36 2
20 43 22 35 22 38 33 34 38 29 36 31 17 41 0 20 18 33 20 24 39
36 43 6 44 2 54 42 28 48 28 29 23 33 36 20 0 11 44 2 40 36
29 32 7 33 11 45 31 18 37 17 20 14 26 26 18 11 0 34 13 31 26
15 22 41 7 45 12 6 31 5 23 32 33 17 30 33 44 34 0 46 10 28
38 45 8 46 3 56 44 30 50 30 31 25 35 38 20 2 13 46 0 42 38
5 30 38 16 41 14 15 33 15 25 35 34 7 36 24 40 31 10 42 0 34
36 10 30 22 35 40 22 8 27 10 7 13 34 2 39 36 26 28 38 34 0
0 262
83 214
74 205
112 243
107 238
63 194
96 227
128 259
9 140
71 202
17 148
17 148
101 232
39 170
75 206
99 230
77 208
112 243
52 183
6 137
96 227
0
43
24
62
61
32
43
76
53
29
54
63
73
31
49
25
69
74
54
53
32
