21
650
0 10 9 8 39 38 12 42 38 12 12 42 23 17 11 32 13 19 14 28 32
10 0 18 6 29 28 5 32 28 8 21 32 20 20 8 24 14 13 14 28 25
9 18 0 17 47 46 21 50 46 21 15 50 32 24 15 36 22 23 23 36 36
8 6 17 0 33 32 4 36 32 4 15 36 16 14 13 30 8 19 9 23 31
39 29 47 33 0 4 29 4 3 31 48 3 33 42 34 24 37 30 36 41 27
38 28 46 32 4 0 28 5 1 31 47 6 34 42 31 20 37 26 36 43 23
12 5 21 4 29 28 0 32 28 3 19 32 15 15 13 28 9 18 9 23 29
42 32 50 36 4 5 32 0 4 35 51 3 37 46 36 24 41 31 40 45 27
38 28 46 32 3 1 28 4 0 31 47 5 34 42 32 21 37 27 36 43 24
12 8 21 4 31 31 3 35 31 0 17 34 12 12 16 31 6 21 6 20 32
12 21 15 15 48 47 19 51 47 17 0 51 22 11 23 44 12 31 13 23 44
42 32 50 36 3 6 32 3 5 34 51 0 35 45 37 26 40 32 39 44 29
23 20 32 16 33 34 15 37 34 12 22 35 0 12 28 41 10 33 9 9 43
17 20 24 14 42 42 15 46 42 12 11 45 12 0 27 43 6 33 6 12 44
11 8 15 13 34 31 13 36 32 16 23 37 28 27 0 21 21 8 22 36 21
32 24 36 30 24 20 28 24 21 31 44 26 41 43 21 0 37 13 37 50 3
13 14 22 8 37 37 9 41 37 6 12 40 10 6 21 37 0 27 1 15 38
19 13 23 19 30 26 18 31 27 21 31 32 33 33 8 13 27 0 27 41 13
14 14 23 9 36 36 9 40 36 6 13 39 9 6 22 37 1 27 0 14 38
28 28 36 23 41 43 23 45 43 20 23 44 9 12 36 50 15 41 14 0 52
32 25 36 31 27 23 29 27 24 32 44 29 43 44 21 3 38 13 38 52 0
0 508
306 356
283 333
435 485
249 299
357 407
454 504
61 111
452 502
228 278
81 131
273 323
212 262
17 67
207 257
119 169
143 193
73 123
404 454
197 247
113 163
0
63
37
35
96
48
74
43
64
25
86
49
76
77
32
34
44
17
22
53
24
