21
651
0 24 36 22 33 52 34 45 15 39 41 15 7 25 15 38 44 24 7 2 30
24 0 27 38 30 44 47 21 29 15 29 10 25 21 35 15 20 35 26 25 40
36 27 0 33 8 17 35 31 27 26 5 33 31 11 34 22 29 25 43 36 26
22 38 33 0 25 43 12 56 9 50 38 33 15 25 7 47 54 8 28 20 12
33 30 8 25 0 19 27 38 21 33 13 33 27 9 28 29 36 17 40 32 18
52 44 17 43 19 0 41 43 40 40 15 50 46 27 47 36 41 35 59 51 33
34 47 35 12 27 41 0 62 19 57 40 44 27 30 19 53 60 12 40 32 9
45 21 31 56 38 43 62 0 47 6 30 31 45 32 54 9 2 50 47 46 53
15 29 27 9 21 40 19 47 0 41 32 25 8 17 7 38 45 9 22 13 15
39 15 26 50 33 40 57 6 41 0 26 25 39 27 48 4 5 45 41 40 48
41 29 5 38 13 15 40 30 32 26 0 36 36 16 39 22 28 30 48 41 31
15 10 33 33 33 50 44 31 25 25 36 0 18 24 28 25 30 33 16 17 39
7 25 31 15 27 46 27 45 8 39 36 18 0 20 10 37 44 17 14 5 23
25 21 11 25 9 27 30 32 17 27 16 24 20 0 24 23 30 18 32 25 21
15 35 34 7 28 47 19 54 7 48 39 28 10 24 0 45 52 13 21 13 18
38 15 22 47 29 36 53 9 38 4 22 25 37 23 45 0 7 41 41 39 44
44 20 29 54 36 41 60 2 45 5 28 30 44 30 52 7 0 48 46 45 51
24 35 25 8 17 35 12 50 9 45 30 33 17 18 13 41 48 0 31 22 6
7 26 43 28 40 59 40 47 22 41 48 16 14 32 21 41 46 31 0 9 37
2 25 36 20 32 51 32 46 13 40 41 17 5 25 13 39 45 22 9 0 28
30 40 26 12 18 33 9 53 15 48 31 39 23 21 18 44 51 6 37 28 0
0 227
101 214
0 113
49 162
86 199
7 120
89 202
0 113
65 178
108 221
44 157
77 190
66 179
47 160
52 165
22 135
59 172
95 208
24 137
76 189
31 144
0
55
45
63
41
50
42
46
71
22
54
59
52
43
78
55
20
76
64
45
20
