21
651
0 4 24 14 24 13 30 23 9 31 14 35 8 5 32 30 23 23 33 25 13
4 0 28 18 26 11 34 23 13 33 10 38 12 9 36 34 24 27 36 29 16
24 28 0 23 19 37 12 41 17 44 36 14 16 21 29 27 40 24 10 4 24
14 18 23 0 31 20 23 18 8 21 28 37 12 9 18 16 17 9 33 21 2
24 26 19 31 0 37 31 47 23 52 29 16 19 25 45 43 47 39 17 23 32
13 11 37 20 37 0 41 15 20 26 13 48 21 16 38 36 17 29 46 36 18
30 34 12 23 31 41 0 41 21 40 44 23 23 25 20 18 40 19 19 8 25
23 23 41 18 47 15 41 0 25 12 28 55 28 22 30 29 3 23 51 39 17
9 13 17 8 23 20 21 25 0 29 23 30 4 4 24 22 24 16 27 16 9
31 33 44 21 52 26 40 12 29 0 39 58 33 28 24 24 9 21 54 41 21
14 10 36 28 29 13 44 28 23 39 0 43 21 19 46 44 30 37 43 38 26
35 38 14 37 16 48 23 55 30 58 43 0 27 33 43 41 54 38 4 18 38
8 12 16 12 19 21 23 28 4 33 21 27 0 6 28 26 28 20 25 17 13
5 9 21 9 25 16 25 22 4 28 19 33 6 0 27 25 22 18 30 20 8
32 36 29 18 45 38 20 30 24 24 46 43 28 27 0 2 27 9 39 25 20
30 34 27 16 43 36 18 29 22 24 44 41 26 25 2 0 27 7 37 23 18
23 24 40 17 47 17 40 3 24 9 30 54 28 22 27 27 0 21 50 38 16
23 27 24 9 39 29 19 23 16 21 37 38 20 18 9 7 21 0 34 21 11
33 36 10 33 17 46 19 51 27 54 43 4 25 30 39 37 50 34 0 14 34
25 29 4 21 23 36 8 39 16 41 38 18 17 20 25 23 38 21 14 0 23
13 16 24 2 32 18 25 17 9 21 26 38 13 8 20 18 16 11 34 23 0
0 525
256 518
14 276
236 498
200 462
83 345
37 299
187 449
77 339
214 476
3 265
135 397
42 304
223 485
240 502
1 263
93 355
143 405
146 408
52 314
85 347
0
30
46
46
66
43
36
60
72
54
36
47
24
76
37
66
39
34
75
62
52
