21
650
0 3 32 14 47 15 30 16 44 27 23 42 47 39 18 16 45 8 21 47 10
3 0 35 17 49 18 33 14 46 30 21 44 47 40 15 18 46 6 24 50 9
32 35 0 18 30 20 6 43 31 16 48 29 50 39 49 25 38 38 11 29 34
14 17 18 0 36 5 16 26 34 16 32 32 44 34 32 10 37 21 7 36 17
47 49 30 36 0 32 25 48 4 20 48 6 28 19 58 31 12 48 32 2 42
15 18 20 5 32 0 16 23 30 12 28 28 39 29 30 5 32 19 9 32 14
30 33 6 16 25 16 0 39 25 10 44 23 44 33 46 20 32 35 9 25 30
16 14 43 26 48 23 39 0 44 33 7 42 37 33 10 20 41 8 32 49 9
44 46 31 34 4 30 25 44 0 18 44 2 24 15 54 28 8 44 30 6 38
27 30 16 16 20 12 10 33 18 0 36 16 34 23 40 13 23 30 12 20 24
23 21 48 32 48 28 44 7 44 36 0 42 32 31 15 24 39 15 37 49 15
42 44 29 32 6 28 23 42 2 16 42 0 25 15 52 26 9 42 28 7 36
47 47 50 44 28 39 44 37 24 34 32 25 0 11 47 34 16 42 44 30 38
39 40 39 34 19 29 33 33 15 23 31 15 11 0 43 24 8 36 33 21 31
18 15 49 32 58 30 46 10 54 40 15 52 47 43 0 27 51 11 38 59 16
16 18 25 10 31 5 20 20 28 13 24 26 34 24 27 0 29 17 14 32 11
45 46 38 37 12 32 32 41 8 23 39 9 16 8 51 29 0 43 35 14 37
8 6 38 21 48 19 35 8 44 30 15 42 42 36 11 17 43 0 27 49 6
21 24 11 7 32 9 9 32 30 12 37 28 44 33 38 14 35 27 0 31 23
47 50 29 36 2 32 25 49 6 20 49 7 30 21 59 32 14 49 31 0 43
10 9 34 17 42 14 30 9 38 24 15 36 38 31 16 11 37 6 23 43 0
0 227
54 144
45 135
86 176
30 120
60 150
102 192
124 214
99 189
106 196
79 169
128 218
117 207
69 159
52 142
130 220
23 113
6 96
100 190
100 190
59 149
0
32
34
45
54
77
39
50
38
55
35
38
65
33
54
44
56
72
59
77
42
