21
650
0 11 22 25 20 16 33 20 4 20 26 39 26 37 24 35 20 23 19 13 36
11 0 16 17 9 7 27 9 10 15 21 28 25 29 20 25 11 18 8 2 26
22 16 0 29 15 9 11 16 23 30 5 30 10 39 4 34 24 33 11 14 34
25 17 29 0 14 22 38 13 22 7 34 22 39 12 33 10 6 9 18 17 12
20 9 15 14 0 8 24 1 19 16 20 19 25 24 19 19 9 19 4 7 19
16 7 9 22 8 0 20 9 17 21 14 26 18 32 13 27 16 24 4 5 27
33 27 11 38 24 20 0 25 34 40 7 32 12 47 9 42 33 43 20 25 40
20 9 16 13 1 9 25 0 19 15 21 19 26 23 20 18 8 18 5 7 18
4 10 23 22 19 17 34 19 0 16 28 38 29 34 26 32 17 19 18 12 33
20 15 30 7 16 21 40 15 16 0 35 29 39 18 34 17 7 3 20 16 19
26 21 5 34 20 14 7 21 28 35 0 34 6 44 2 39 29 38 16 19 39
39 28 30 22 19 26 32 19 38 29 34 0 40 21 34 16 23 31 22 26 14
26 25 10 39 25 18 12 26 29 39 6 40 0 49 6 44 34 42 21 23 44
37 29 39 12 24 32 47 23 34 18 44 21 49 0 43 5 18 18 28 29 7
24 20 4 33 19 13 9 20 26 34 2 34 6 43 0 38 28 37 15 18 38
35 25 34 10 19 27 42 18 32 17 39 16 44 5 38 0 15 19 23 25 2
20 11 24 6 9 16 33 8 17 7 29 23 34 18 28 15 0 10 13 11 16
23 18 33 9 19 24 43 18 19 3 38 31 42 18 37 19 10 0 23 19 21
19 8 11 18 4 4 20 5 18 20 16 22 21 28 15 23 13 23 0 6 23
13 2 14 17 7 5 25 7 12 16 19 26 23 29 18 25 11 19 6 0 25
36 26 34 12 19 27 40 18 33 19 39 14 44 7 38 2 16 21 23 25 0
0 297
108 226
10 128
68 186
155 273
121 239
21 139
156 274
42 160
92 210
118 236
170 288
110 228
109 227
41 159
66 184
76 194
19 137
162 280
138 256
121 239
0
79
76
23
70
15
35
46
64
71
68
32
42
35
70
32
36
55
16
73
62
