21
650
0 28 39 27 45 37 46 41 41 22 22 12 19 32 28 11 19 21 14 38 16
28 0 43 26 66 38 40 37 32 44 29 16 9 36 39 18 42 7 41 47 39
39 43 0 17 30 7 17 13 19 24 17 37 39 7 11 34 26 39 34 5 27
27 26 17 0 42 13 19 14 14 25 7 21 22 10 15 19 25 22 30 21 23
45 66 30 42 0 37 47 43 49 24 37 53 59 34 27 50 26 60 33 25 29
37 38 7 13 37 0 11 6 12 27 15 34 35 5 14 32 29 35 36 12 29
46 40 17 19 47 11 0 5 8 38 24 40 40 16 25 38 40 38 47 22 40
41 37 13 14 43 6 5 0 7 33 19 35 35 11 20 33 35 34 42 18 35
41 32 19 14 49 12 8 7 0 37 21 33 32 16 25 32 38 30 44 24 37
22 44 24 25 24 27 38 33 37 0 18 29 35 22 13 26 3 37 11 21 6
22 29 17 7 37 15 24 19 21 18 0 20 23 10 10 17 18 24 23 19 16
12 16 37 21 53 34 40 35 33 29 20 0 7 30 29 3 27 9 25 39 24
19 9 39 22 59 35 40 35 32 35 23 7 0 32 33 9 33 2 32 42 30
32 36 7 10 34 5 16 11 16 22 10 30 32 0 9 27 24 32 31 11 24
28 39 11 15 27 14 25 20 25 13 10 29 33 9 0 26 15 34 23 10 16
11 18 34 19 50 32 38 33 32 26 17 3 9 27 26 0 24 11 23 36 21
19 42 26 25 26 29 40 35 38 3 18 27 33 24 15 24 0 35 8 24 3
21 7 39 22 60 35 38 34 30 37 24 9 2 32 34 11 35 0 34 43 32
14 41 34 30 33 36 47 42 44 11 23 25 32 31 23 23 8 34 0 32 7
38 47 5 21 25 12 22 18 24 21 19 39 42 11 10 36 24 43 32 0 26
16 39 27 23 29 29 40 35 37 6 16 24 30 24 16 21 3 32 7 26 0
0 333
196 329
38 171
162 295
103 236
8 141
69 202
144 277
94 227
19 152
2 135
139 272
153 286
12 145
155 288
63 196
2 135
175 308
49 182
170 303
135 268
0
30
47
45
13
22
53
69
62
59
63
61
74
64
50
78
57
20
51
57
24
