21
650
0 14 28 37 19 17 20 10 35 7 38 24 21 34 16 33 29 16 41 16 19
14 0 38 29 20 8 30 21 26 8 25 15 15 23 28 40 15 4 40 2 7
28 38 0 46 23 37 8 18 45 30 56 37 33 49 12 11 49 42 33 40 40
37 29 46 0 24 21 39 38 3 30 18 14 16 12 43 39 20 33 23 27 22
19 20 23 24 0 15 16 14 22 15 33 14 10 26 19 21 26 24 22 21 18
17 8 37 21 15 0 29 22 18 10 21 7 7 17 29 36 12 12 32 7 3
20 30 8 39 16 29 0 10 38 22 49 30 26 42 6 13 41 34 30 32 32
10 21 18 38 14 22 10 0 35 13 43 25 22 37 7 23 34 25 34 23 24
35 26 45 3 22 18 38 35 0 28 16 11 14 9 41 39 17 30 25 24 19
7 8 30 30 15 10 22 13 28 0 31 17 14 27 20 33 22 12 37 10 12
38 25 56 18 33 21 49 43 16 31 0 19 23 7 50 53 10 27 41 23 20
24 15 37 14 14 7 30 25 11 17 19 0 4 12 32 35 13 19 27 14 9
21 15 33 16 10 7 26 22 14 14 23 4 0 16 28 31 16 19 25 14 10
34 23 49 12 26 17 42 37 9 27 7 12 16 0 44 46 9 26 34 21 16
16 28 12 43 19 29 6 7 41 20 50 32 28 44 0 19 41 32 36 30 31
33 40 11 39 21 36 13 23 39 33 53 35 31 46 19 0 47 44 22 41 39
29 15 49 20 26 12 41 34 17 22 10 13 16 9 41 47 0 17 40 13 10
16 4 42 33 24 12 34 25 30 12 27 19 19 26 32 44 17 0 44 6 11
41 40 33 23 22 32 30 34 25 37 41 27 25 34 36 22 40 44 0 39 35
16 2 40 27 21 7 32 23 24 10 23 14 14 21 30 41 13 6 39 0 5
19 7 40 22 18 3 32 24 19 12 20 9 10 16 31 39 10 11 35 5 0
0 385
102 294
3 195
173 365
66 258
56 248
59 251
106 298
63 255
189 381
100 292
123 315
165 357
151 343
85 277
91 283
117 309
137 329
145 337
122 314
109 301
0
65
67
60
43
48
46
65
36
74
13
78
65
72
18
59
58
53
20
38
21
