21
650
0 20 17 21 21 19 18 26 7 27 16 42 28 31 27 23 18 20 30 17 17
20 0 37 27 1 8 38 23 13 32 35 27 16 16 30 10 36 2 15 31 20
17 37 0 30 38 36 1 40 24 35 2 59 43 48 36 40 13 37 47 21 28
21 27 30 0 28 33 31 12 25 6 28 34 42 25 6 37 19 26 25 10 37
21 1 38 28 0 8 39 23 14 32 36 27 15 16 30 9 37 2 15 32 20
19 8 36 33 8 0 36 31 12 39 34 35 9 24 37 4 37 10 23 35 12
18 38 1 31 39 36 0 41 25 36 3 60 43 49 37 40 14 38 48 22 28
26 23 40 12 23 31 41 0 27 11 38 22 38 14 9 32 30 21 15 21 39
7 13 24 25 14 12 25 27 0 31 22 39 21 28 30 16 25 15 27 24 12
27 32 35 6 32 39 36 11 31 0 33 32 47 25 2 41 24 30 26 15 43
16 35 2 28 36 34 3 38 22 33 0 57 42 46 34 38 11 36 45 19 28
42 27 59 34 27 35 60 22 39 32 57 0 41 11 30 35 51 25 12 43 47
28 16 43 42 15 9 43 38 21 47 42 41 0 31 45 6 46 17 30 44 15
31 16 48 25 16 24 49 14 28 25 46 11 31 0 23 25 42 14 1 34 36
27 30 36 6 30 37 37 9 30 2 34 30 45 23 0 39 25 28 24 16 42
23 10 40 37 9 4 40 32 16 41 38 35 6 25 39 0 41 11 24 39 16
18 36 13 19 37 37 14 30 25 24 11 51 46 42 25 41 0 35 41 9 34
20 2 37 26 2 10 38 21 15 30 36 25 17 14 28 11 35 0 13 30 22
30 15 47 25 15 23 48 15 27 26 45 12 30 1 24 24 41 13 0 33 35
17 31 21 10 32 35 22 21 24 15 19 43 44 34 16 39 9 30 33 0 34
17 20 28 37 20 12 28 39 12 43 28 47 15 36 42 16 34 22 35 34 0
0 420
102 102
272 272
136 136
66 66
239 239
173 173
343 343
255 255
280 280
322 322
347 347
168 168
350 350
162 162
376 376
50 50
28 28
268 268
180 180
318 318
0
76
50
63
32
43
58
60
14
57
52
66
53
17
22
84
42
33
96
63
18
